wait(1/60)local a=setmetatable({},{__index=function(b,c)return game:service(c)end})local d=a.Players;local e=d.LocalPlayer;local f=e.Character;local g=f:FindFirstChildOfClass'Humanoid'local h=f["Right Arm"]local i=f["Left Arm"]local j=f["Right Leg"]local k=f["Left Leg"]local l=f:FindFirstChild'HumanoidRootPart'local m=f.Torso;local n=f.Head;local o=true;local p=false;local q={}local r={}local s={Debounces={}}local t=e:GetMouse()local u={}local v=0;local w=0;local x=1;local y,z,A,B;local C={}local D=game.PlaceId==843468296;function s:New(E,F)local G={Usable=true,Cooldown=F or 2,CoolingDown=false,LastUse=0}setmetatable(G,{__index=s})s.Debounces[E]=G;return G end;function s:Use(H)assert(self.Usable~=nil and self.LastUse~=nil and self.CoolingDown~=nil,"Expected ':' not '.' calling member function Use")if self.Usable or H then self.Usable=false;self.CoolingDown=true;local I=time()self.LastUse=I;delay(self.Cooldown or 2,function()if self.LastUse==I then self.CoolingDown=false;self.Usable=true end end)end end;function s:Get(E)assert(typeof(E)=='string',"bad argument #1 to 'get' (string expected, got %s)":format(typeof(E)==nil and"no value"or typeof(E)))for c,J in next,s.Debounces do if c==E then return J end end end;function s:GetProgressPercentage()assert(self.Usable~=nil and self.LastUse~=nil and self.CoolingDown~=nil,"Expected ':' not '.' calling member function Use")if self.CoolingDown and not self.Usable then return math.max(math.floor(((time()-self.LastUse)/self.Cooldown or 2)*100))else return 100 end end;local K={N=CFrame.new,A=CFrame.Angles,fEA=CFrame.fromEulerAnglesXYZ}local L={N=Color3.new,RGB=Color3.fromRGB,HSV=Color3.fromHSV,tHSV=Color3.toHSV}local M={N=Vector3.new,FNI=Vector3.FromNormalId,A=Vector3.FromAxis}local N={C=math.cos,R=math.rad,S=math.sin,P=math.pi,RNG=math.random,MRS=math.randomseed,H=math.huge,RRNG=function(O,P,Q)return math.rad(math.random(O,P)/(Q or 1))end}local R={N=Region3.new}local S=a.Debris;local T=workspace;local U=a.Lighting;local V=a.ReplicatedStorage;local W=Instance.new;local Instance=setmetatable({AllChildren=function(X,Y,Z)local _=Z and X:GetDescendants()or X:GetChildren()for a0,J in next,_ do Y(J)end end,ClearChildrenOfClass=function(X,a1,Z)local _=Z and X:GetDescendants()or X:GetChildren()for a0,J in next,_ do if J:IsA(a1)then J:destroy()end end end},{__index=Instance})local a2=60;local a3=false;local a4=false;local a5=1;local a6=BrickColor.new'Really red'local a7=1030796589;local a8=1;local a9="rbxassetid://284205403"local aa=BrickColor.new'Crimson'local ab=Enum.Material.SmoothPlastic;if a3 then Instance.ClearChildrenOfClass(f,"Accessory",true)end;if a4 then Instance.ClearChildrenOfClass(f,"Clothing",true)Instance.ClearChildrenOfClass(f,"ShirtGraphic",true)end;local r=W("Folder",f)r.Name="Effects"New=function(ac,ad,ae,af)local ac=Instance.new(ac)for ag,ah in pairs(af or{})do ac[ag]=ah end;ac.Parent=ad;ac.Name=ae;return ac end;CyborgArm=New("Model",f,"CyborgArm",{})Handle=New("Part",CyborgArm,"Part",{BrickColor=BrickColor.new("Smoky grey"),Material=Enum.Material.Metal,Size=Vector3.new(1.0500015,2.02999949,1.07999992),CFrame=CFrame.new(-138.347275,2.99473095,41.7816849,0.999635339,8.27677286e-06,0.0270056836,-0.000191000072,0.999977112,0.00676353322,-0.0270050094,-0.00676622428,0.999612451),BottomSurface=Enum.SurfaceType.Smooth,TopSurface=Enum.SurfaceType.Smooth,Color=Color3.new(0,0,0)})Part=New("Part",CyborgArm,"Part",{BrickColor=BrickColor.new("Really red"),Material=Enum.Material.Neon,Size=Vector3.new(0.429999948,0.100000001,1.04999983),CFrame=CFrame.new(-138.369171,2.89115906,41.8271637,0.505694926,-0.862284958,0.0271573812,0.862490892,0.506027818,0.0067293453,-0.019545,0.0200200025,0.999608755),BottomSurface=Enum.SurfaceType.Smooth,TopSurface=Enum.SurfaceType.Smooth,Color=Color3.new(1,0,0)})mot=New("Motor",Part,"mot",{Part0=Part,Part1=h,C0=CFrame.new(0,0,0,0.505694926,0.862490892,-0.0195449982,-0.862284899,0.506027818,0.0200199969,0.0271573793,0.00672934437,0.999608576),C1=CFrame.new(0.0136108398,-0.108844995,-0.0342674255,-0.99999994,1.23908515e-22,-0.000331714633,1.23944917e-22,1,-1.09697344e-22,0.000331714633,-1.09738441e-22,-0.99999994)})Part=New("Part",CyborgArm,"Part",{BrickColor=BrickColor.new("Really red"),Material=Enum.Material.Neon,Size=Vector3.new(0.600001693,0.100000001,1.04999983),CFrame=CFrame.new(-138.268127,3.26462603,41.8218994,0.0100010047,-0.999581397,0.0271513518,0.999925494,0.010187286,0.00673122332,-0.00700500328,0.027082013,0.999608815),BottomSurface=Enum.SurfaceType.Smooth,TopSurface=Enum.SurfaceType.Smooth,Color=Color3.new(1,0,0)})mot=New("Motor",Part,"mot",{Part0=Part,Part1=h,C0=CFrame.new(0,0,0,0.0100010047,0.999925494,-0.00700500328,-0.999581337,0.010187286,0.0270820074,0.0271513499,0.00673122238,0.999608636),C1=CFrame.new(-0.0874328613,0.264621973,-0.028968811,-0.99999994,1.23908515e-22,-0.000331714633,1.23944917e-22,1,-1.09697344e-22,0.000331714633,-1.09738441e-22,-0.99999994)})Part=New("Part",CyborgArm,"Part",{BrickColor=BrickColor.new("Really red"),Material=Enum.Material.Neon,Size=Vector3.new(0.3000018,0.100000001,1.04999983),CFrame=CFrame.new(-138.217133,3.61339307,41.8189926,0.778245091,-0.627379835,0.0270029604,0.627452075,0.778625846,0.00676273741,-0.0252680089,0.0116800005,0.999612689),BottomSurface=Enum.SurfaceType.Smooth,TopSurface=Enum.SurfaceType.Smooth,Color=Color3.new(1,0,0)})mot=New("Motor",Part,"mot",{Part0=Part,Part1=h,C0=CFrame.new(0,0,0,0.778245091,0.627452075,-0.0252680033,-0.627379835,0.778625846,0.0116799958,0.0270029567,0.00676273648,0.99961251),C1=CFrame.new(-0.138427734,0.613389015,-0.0260467529,-0.99999994,1.23908515e-22,-0.000331714633,1.23944917e-22,1,-1.09697344e-22,0.000331714633,-1.09738441e-22,-0.99999994)})Part=New("Part",CyborgArm,"Part",{BrickColor=BrickColor.new("Really red"),Material=Enum.Material.Neon,Shape=Enum.PartType.Cylinder,Size=Vector3.new(0.840000331,0.420000285,1),CFrame=CFrame.new(-138.395523,2.38962889,41.7660217,-0.00574199716,-0.999983609,1.77533366e-09,0.999983549,-0.00574199716,9.3131769e-10,9.41781764e-10,1.77533366e-09,1.00000012),BottomSurface=Enum.SurfaceType.Smooth,TopSurface=Enum.SurfaceType.Smooth,Color=Color3.new(1,0,0)})mot=New("Motor",Part,"mot",{Part0=Part,Part1=h,C0=CFrame.new(0,0,0,-0.00574199716,0.999983549,0,-0.999983549,-0.00574199716,0,0,0,1),C1=CFrame.new(0.0399932861,-0.610375166,0.0268669128,-0.99999994,1.23908515e-22,-0.000331714633,1.23944917e-22,1,-1.09697344e-22,0.000331714633,-1.09738441e-22,-0.99999994)})Part=New("Part",CyborgArm,"Part",{BrickColor=BrickColor.new("Really red"),Material=Enum.Material.Neon,Shape=Enum.PartType.Cylinder,Size=Vector3.new(0.840000331,0.420000285,0.2900002),CFrame=CFrame.new(-138.540939,3.80931711,41.9832687,2.29982252e-05,-0.999983609,-0.00574393803,-0.00452899979,-0.00574398367,0.999973238,-0.999989927,3.01669934e-06,-0.00452905567),BottomSurface=Enum.SurfaceType.Smooth,TopSurface=Enum.SurfaceType.Smooth,Color=Color3.new(1,0,0)})mot=New("Motor",Part,"mot",{Part0=Part,Part1=h,C0=CFrame.new(0,0,0,2.29999951e-05,-0.00452899886,-0.999989748,-0.999983549,-0.00574398367,3.01490991e-06,-0.00574393803,0.999973238,-0.00452905614),C1=CFrame.new(0.185333252,0.809313059,-0.190429688,-0.99999994,1.23908515e-22,-0.000331714633,1.23944917e-22,1,-1.09697344e-22,0.000331714633,-1.09738441e-22,-0.99999994)})Part=New("Part",CyborgArm,"Part",{BrickColor=BrickColor.new("Smoky grey"),Material=Enum.Material.Metal,Shape=Enum.PartType.Ball,Size=Vector3.new(1.16000044,1.16000044,1.16000044),CFrame=CFrame.new(-138.563065,3.74006891,41.8137894,1,-1.23944917e-22,1.77533366e-09,-1.48608469e-11,1,9.3131769e-10,-1.80443749e-09,9.31322575e-10,1.00000012),BottomSurface=Enum.SurfaceType.Smooth,TopSurface=Enum.SurfaceType.Smooth,Color=Color3.new(0,0,0)})mot=New("Motor",Part,"mot",{Part0=Part,Part1=h,C1=CFrame.new(0.207519531,0.740064859,-0.0209579468,-0.99999994,1.23908515e-22,-0.000331714633,1.23944917e-22,1,-1.09697344e-22,0.000331714633,-1.09738441e-22,-0.99999994)})Part=New("Part",CyborgArm,"Part",{BrickColor=BrickColor.new("Really red"),Material=Enum.Material.Neon,Size=Vector3.new(0.660001755,0.100000001,0.799999833),CFrame=CFrame.new(-138.557587,3.57138705,41.9535294,0.999635398,8.27676195e-06,0.0270056874,-0.000191000116,0.999977112,0.00676353415,-0.0270050168,-0.00676622475,0.999612629),BottomSurface=Enum.SurfaceType.Smooth,TopSurface=Enum.SurfaceType.Smooth,Color=Color3.new(1,0,0)})mot=New("Motor",Part,"mot",{Part0=Part,Part1=h,C0=CFrame.new(0,0,0,0.999635339,-0.000191000072,-0.0270050094,8.27677377e-06,0.999977112,-0.00676622428,0.0270056836,0.00676353322,0.999612451),C1=CFrame.new(0.20199585,0.571382999,-0.160697937,-0.99999994,1.23908515e-22,-0.000331714633,1.23944917e-22,1,-1.09697344e-22,0.000331714633,-1.09738441e-22,-0.99999994)})Part=New("Part",CyborgArm,"Part",{BrickColor=BrickColor.new("Really red"),Material=Enum.Material.Neon,Size=Vector3.new(0.660001755,0.100000001,0.0899999291),CFrame=CFrame.new(-138.548004,3.20288205,42.3108978,0.999635398,8.27676195e-06,0.0270056874,-0.000191000116,0.999977112,0.00676353415,-0.0270050168,-0.00676622475,0.999612629),BottomSurface=Enum.SurfaceType.Smooth,TopSurface=Enum.SurfaceType.Smooth,Color=Color3.new(1,0,0)})mot=New("Motor",Part,"mot",{Part0=Part,Part1=h,C0=CFrame.new(0,0,0,0.999635339,-0.000191000072,-0.0270050094,8.27677377e-06,0.999977112,-0.00676622428,0.0270056836,0.00676353322,0.999612451),C1=CFrame.new(0.19229126,0.202877998,-0.518062592,-0.99999994,1.23908515e-22,-0.000331714633,1.23944917e-22,1,-1.09697344e-22,0.000331714633,-1.09738441e-22,-0.99999994)})Part=New("Part",CyborgArm,"Part",{BrickColor=BrickColor.new("Really red"),Material=Enum.Material.Neon,Size=Vector3.new(0.390001893,0.100000001,1.04999983),CFrame=CFrame.new(-138.031433,3.68374205,41.8135147,0.999635398,8.27676195e-06,0.0270056874,-0.000191000116,0.999977112,0.00676353415,-0.0270050168,-0.00676622475,0.999612629),BottomSurface=Enum.SurfaceType.Smooth,TopSurface=Enum.SurfaceType.Smooth,Color=Color3.new(1,0,0)})mot=New("Motor",Part,"mot",{Part0=Part,Part1=h,C0=CFrame.new(0,0,0,0.999635339,-0.000191000072,-0.0270050094,8.27677377e-06,0.999977112,-0.00676622428,0.0270056836,0.00676353322,0.999612451),C1=CFrame.new(-0.324111938,0.683737993,-0.0205078125,-0.99999994,1.23908515e-22,-0.000331714633,1.23944917e-22,1,-1.09697344e-22,0.000331714633,-1.09738441e-22,-0.99999994)})Part=New("Part",CyborgArm,"Part",{BrickColor=BrickColor.new("Really red"),Material=Enum.Material.Neon,Size=Vector3.new(0.2800017,0.100000001,0.690000117),CFrame=CFrame.new(-138.393951,2.11307812,42.0131454,0.0100010047,-0.999581397,0.0271513518,0.999925494,0.010187286,0.00673122332,-0.00700500328,0.027082013,0.999608815),BottomSurface=Enum.SurfaceType.Smooth,TopSurface=Enum.SurfaceType.Smooth,Color=Color3.new(1,0,0)})mot=New("Motor",Part,"mot",{Part0=Part,Part1=h,C0=CFrame.new(0,0,0,0.0100010047,0.999925494,-0.00700500328,-0.999581337,0.010187286,0.0270820074,0.0271513499,0.00673122238,0.999608636),C1=CFrame.new(0.0383300781,-0.886925936,-0.220256805,-0.99999994,1.23908515e-22,-0.000331714633,1.23944917e-22,1,-1.09697344e-22,0.000331714633,-1.09738441e-22,-0.99999994)})Part=New("Part",CyborgArm,"Part",{BrickColor=BrickColor.new("Really red"),Material=Enum.Material.Neon,Size=Vector3.new(0.600001693,0.100000001,1.04999983),CFrame=CFrame.new(-138.452835,2.48128104,41.8321991,-0.223359078,-0.974358141,0.027149044,0.974736214,-0.223258108,0.00673288852,-0.000498998852,0.0279670097,0.999608934),BottomSurface=Enum.SurfaceType.Smooth,TopSurface=Enum.SurfaceType.Smooth,Color=Color3.new(1,0,0)})mot=New("Motor",Part,"mot",{Part0=Part,Part1=h,C0=CFrame.new(0,0,0,-0.223359063,0.974736214,-0.000499000133,-0.974358141,-0.223258108,0.0279670041,0.0271490421,0.00673288759,0.999608755),C1=CFrame.new(0.0972747803,-0.518723011,-0.0393295288,-0.99999994,1.23908515e-22,-0.000331714633,1.23944917e-22,1,-1.09697344e-22,0.000331714633,-1.09738441e-22,-0.99999994)})for a0,J in next,CyborgArm:children()do J.CustomPhysicalProperties=PhysicalProperties.new(0,0,0,0,0)end;pcall(function()f.ReaperShadowHead.Eye1.BrickColor=BrickColor.new'Really red'f.ReaperShadowHead.Eye1.Material='Glass'end)pcall(function()f.ReaperShadowHead.Eye2.BrickColor=BrickColor.new'Really red'f.ReaperShadowHead.Eye2.Material='Glass'end)pcall(function()f.LeftWing.BrickColor=BrickColor.new'Really red'f.LeftWing.Transparency=0.5 end)if a5~=1 then for a0,J in next,f:GetDescendats()do if J:IsA'BasePart'then J.Size=J.Size*a5 end end end;function Sound(ai,aj,ak,al,am,an,ao)local Sound=W("Sound")Sound.SoundId="rbxassetid://"..tostring(aj or 0)Sound.Pitch=ak or 1;Sound.Volume=al or 1;Sound.Looped=am or false;if ao then coroutine.wrap(function()repeat wait()until Sound.IsLoaded;Sound.Playing=ao or false end)()end;if not am and an then Sound.Ended:connect(function()Sound.Volume=0;Sound:destroy()end)elseif an then warn("Sound can't be looped and a sound effect!")end;Sound.Parent=ai or m;return Sound end;function Part(ai,ap,aq,ar,as,at,au)local av=W("Part")av[typeof(ap)=='BrickColor'and'BrickColor'or'Color']=ap or L.N(0,0,0)av.Material=aq or Enum.Material.SmoothPlastic;av.TopSurface,av.BottomSurface=10,10;av.Size=ar or M.N(1,1,1)av.CFrame=as or K.N(0,0,0)av.CanCollide=au or false;av.Anchored=at or false;av.Parent=ai or f;return av end;function Mesh(ai,aw,ax,ay,az,aA)local av=W("SpecialMesh")av.MeshId=ax or""av.TextureId=ay or""av.Scale=az or M.N(1,1,1)av.Offset=aA or M.N(0,0,0)av.MeshType=aw or Enum.MeshType.Sphere;av.Parent=ai;return av end;NewInstance=function(aB,ai,aC)local aD=Instance.new(aB,ai)if aC then for c,J in next,aC do pcall(function()aD[c]=J end)end end;return aD end;local aE=Sound(f,a7,a8,3,true,false,true)aE.Name='Music'for a0,J in next,g:GetPlayingAnimationTracks()do J:Stop()end;pcall(game.Destroy,f:FindFirstChild'Animate')pcall(game.Destroy,g:FindFirstChild'Animator')local aF=NewInstance('Motor',f,{Part0=m,Part1=i,C0=K.N(-1.5*a5,0.5*a5,0),C1=K.N(0,.5*a5,0)})local aG=NewInstance('Motor',f,{Part0=m,Part1=h,C0=K.N(1.5*a5,0.5*a5,0),C1=K.N(0,.5*a5,0)})local aH=NewInstance('Motor',f,{Part0=m,Part1=n,C0=K.N(0,1.5*a5,0)})local aI=NewInstance('Motor',f,{Part0=m,Part1=k,C0=K.N(-.5*a5,-1*a5,0),C1=K.N(0,1*a5,0)})local aJ=NewInstance('Motor',f,{Part0=m,Part1=j,C0=K.N(.5*a5,-1*a5,0),C1=K.N(0,1*a5,0)})local aK=NewInstance('Motor',f,{Part0=l,Part1=m})local aL=NewInstance('Motor',f,{Part0=Handle,Part1=h})local aM=aF.C0;local aN=aG.C0;local aO=aH.C0;local aP=aI.C0;local aQ=aJ.C0;local aR=aK.C0;local aS=W("BindableEvent",script)aS.Name="Heartbeat"script:WaitForChild("Heartbeat")local aT=0;local aU=false;local aV=false;local aW=tick()local aX=1/a2;aS:Fire()game:GetService("RunService").Heartbeat:connect(function(b,aY)aT=aT+b;if aT>=aX then if aU then script.Heartbeat:Fire()aW=tick()else for c=1,math.floor(aT/aX)do aS:Fire()end;aW=tick()end;if aV then aT=0 else aT=aT-aX*math.floor(aT/aX)end end end)function swait(aZ)if aZ==0 or aZ==nil then aS.Event:wait()else for c=0,aZ do aS.Event:wait()end end end;function FakeWeld(a_,b0)local b1=Instance.new('Attachment',a_)local b2=Instance.new('Attachment',b0)return NewInstance("HingeConstraint",a_,{Attachment0=b1,Attachment1=b2,LimitsEnabled=true,UpperAngle=0,LowerAngle=0})end;function Fragment(J)J:ClearAllChildren()local b3=NewInstance("Folder",J.Parent,{Name='Fragmentation'})J.Archivable=true;J.Size=Vector3.new(J.Size.x/2,J.Size.y,J.Size.z)J.Name=J.Name.."Fragment"local b4=J:Clone()b4.Parent=b3;b4.CFrame=K.N(-.5,1,1)*b4.CFrame;J.CFrame=K.N(.5,1,1)*J.CFrame;J.Size=Vector3.new(J.Size.x,J.Size.y/2,J.Size.z)local b4=J:Clone()b4.Parent=b3;b4.CFrame=K.N(1,-.5,1)*b4.CFrame;J.CFrame=K.N(1,.5,1)*J.CFrame;J.Size=Vector3.new(J.Size.x,J.Size.y,J.Size.z/2)local b4=J:Clone()b4.Parent=b3;b4.CFrame=K.N(1,1,-.5)*b4.CFrame;J.CFrame=K.N(1,1,.5)*J.CFrame;J.Parent=b3;return b3 end;local b5=NewInstance("ParticleEmitter",nil,{Color=ColorSequence.new(aa.Color),LightEmission=.1,LightInfluence=1,ZOffset=.9,Size=NumberSequence.new{NumberSequenceKeypoint.new(0,.2,0),NumberSequenceKeypoint.new(1,3,0)},Texture="rbxassetid://284205403",Transparency=NumberSequence.new{NumberSequenceKeypoint.new(0,0,0),NumberSequenceKeypoint.new(1,1,0)},Acceleration=M.N(0,-15,0),Lifetime=NumberRange.new(1,2),Rate=50,Speed=NumberRange.new(5,15),SpreadAngle=Vector2.new(15,15),Enabled=false,EmissionDirection='Back'})local b6=NewInstance("ParticleEmitter",nil,{Color=ColorSequence.new(aa.Color),LightEmission=.1,LightInfluence=1,ZOffset=.9,Size=NumberSequence.new{NumberSequenceKeypoint.new(0,.2,0),NumberSequenceKeypoint.new(1,3,0)},Texture=a9,Transparency=NumberSequence.new{NumberSequenceKeypoint.new(0,0,0),NumberSequenceKeypoint.new(1,1,0)},Acceleration=M.N(0,-125,0),Lifetime=NumberRange.new(1,2),Rate=50,Speed=NumberRange.new(5,15),SpreadAngle=Vector2.new(15,15),Enabled=false,EmissionDirection='Back'})local b7=NewInstance("ParticleEmitter",nil,{Color=ColorSequence.new(aa.Color),Size=NumberSequence.new{NumberSequenceKeypoint.new(0,.2),NumberSequenceKeypoint.new(1,.2)},Texture=a9,Lifetime=NumberRange.new(.4),Rate=50,LockedToPart=true,Speed=NumberRange.new(0,2),Enabled=false})function Blood(ar,as,b8)local av=Instance.new("Part",r)av.Transparency=1;av.Size=ar;av.Anchored=true;av.CanCollide=false;av.CFrame=as;a.Debris:AddItem(av,6)local b9=b5:Clone()b9.Parent=av;b9:Emit(b8)return av,b9 end;function Blood2(ar,as)local av=Instance.new("Part",r)av.Transparency=1;av.Size=ar;av.Anchored=false;av.CanCollide=false;av.CFrame=as;local b9=b5:Clone()b9.Enabled=true;b9.Parent=av;return av,b9 end;function Blood3(ar,as,b8)local av=Instance.new("Part",r)av.Transparency=1;av.Size=ar;av.Anchored=true;av.CanCollide=false;av.CFrame=as;a.Debris:AddItem(av,6)local b9=b6:Clone()b9.Parent=av;b9:Emit(b8)return av,b9 end;function Blood4(ar,as)local av=Instance.new("Part",r)av.Transparency=1;av.Size=ar;av.Anchored=false;av.CanCollide=false;av.CFrame=as;local b9=b6:Clone()b9.Enabled=true;b9.Parent=av;return av,b9 end;function BloodDrop(ba,bb,bc)if game.PlaceId~=843468296 then local bd=NewInstance("Part",r,{Transparency=0,Material=ab,BrickColor=aa,Shape=Enum.PartType.Ball,Size=M.N(.2,.2,.2),CanCollide=false})bd.CFrame=K.N(ba,bb)local be=Instance.new("BodyVelocity",bd)be.maxForce=Vector3.new(1e9,1e9,1e9)be.velocity=K.N(ba,bb+M.N(N.RNG(-3,3)/30,N.RNG(-3,3)/30,N.RNG(-3,3)/30)).lookVector*15;be.Name="MOVE"delay(.01,function()be:destroy()end)local bf;bf=bd.Touched:connect(function(bg)if bg.Anchored==true and bg.CanCollide and not bg.Parent:FindFirstChildOfClass'Humanoid'and not bg.Parent.Parent:FindFirstChildOfClass'Humanoid'then bf:disconnect()BloodPuddle(bd.Position+M.N(0,1,0),100,bc,bd)bd:destroy()end end)end end;function BloodPuddle(bh,bi,bj,X)local bg,ba,bk=workspace:FindPartOnRayWithIgnoreList(Ray.new(bh,K.N(bh,bh+M.N(0,-1,0)).lookVector*bi),{X,f},false,true)if bg and not bg.Parent:FindFirstChildOfClass'Humanoid'and not bg.Parent.Parent:FindFirstChildOfClass'Humanoid'then if bg.Name=='BloodPuddle'then local bl=(bh-bg.Position).magnitude;if bg.Size.Z<=5 and bg.Size.Z<bj or bg.Size.Z>5 and bg.Size.Z<bj and bl<bg.Size.Z/3 then bg.Size=bg.Size+M.N(.1,0,.1)end;if bg.Size.Z<2 then pcall(function()bg.Sound:Play()end)end else local bm=NewInstance('Part',workspace,{Material=ab,BrickColor=aa,Size=M.N(1,.1,1),CFrame=K.N(ba,ba+bk)*K.A(90*N.P/180,0,0),Anchored=true,CanCollide=false,Archivable=false,Locked=true,Name='BloodPuddle'})local bn=NewInstance('CylinderMesh',bm,{Name='CylinderMesh'})Sound(bm,685857471,1,2,false,false,true)coroutine.wrap(function()swait(75)repeat swait()bm.Size=bm.Size-M.N(.02,0,.02)until bm.Size.Z<0.51;bm:destroy()end)()end end end;function recurse(bo,Y,c)c=c or 0;for a0,J in pairs(bo:GetChildren())do c=c+1;Y(c,J)if#J:GetChildren()>0 then c=recurse(J,Y,c)end end;return c end;function ragdollJoint(bp,bq,br,bs,bt,aC)if bp:FindFirstChild("RagdollConstraint"..br.Name)==nil then for c,J in pairs(bp:GetChildren())do if J:IsA("MeshPart")and(J.MeshId=='http://www.roblox.com/asset/?id=553602991'or J.MeshId=='http://www.roblox.com/asset/?id=553602977'or J.MeshId=='http://www.roblox.com/asset/?id=553602987')then J.Size=Vector3.new(1,1,1)end end;if br:FindFirstChildOfClass('Motor6D')then br:FindFirstChildOfClass('Motor6D'):Remove()end;if bs~="NeckAttachment"then bs=bs.."RigAttachment"end;local bu=Instance.new(bt.."Constraint")bu.Attachment0=bq:FindFirstChild(bs)bu.Attachment1=br:FindFirstChild(bs)bu.Name="RagdollConstraint"..br.Name;if bp:FindFirstChildOfClass('Humanoid').Health>0 then local bv=Instance.new('Part',br)bv.Size=br.Size/2;if string.find(string.lower(br.Name),"upper")then if string.find(string.lower(br.Name),"leg")then bv.Size=br.Size/3 else bv.Size=br.Size/2.5 end end;bv.CanCollide=true;bv.Name="RagdollJoint"bv.Anchored=false;bv.Transparency=1;bv.CFrame=br.CFrame;bv:BreakJoints()local b1=Instance.new('Attachment',br)local b2=Instance.new('Attachment',bv)if b1 and b2 then local bu=Instance.new("HingeConstraint")bu.Attachment0=b1;bu.Attachment1=b2;bu.LimitsEnabled=true;bu.UpperAngle=0;bu.LowerAngle=0;bu.Parent=bp end;if string.find(string.lower(br.Name),"upper")then if string.find(string.lower(br.Name),"leg")then b1.Position=Vector3.new(0,0.01,0)else b1.Position=Vector3.new(0,0.25,0)end else b1.Position=Vector3.new(0,-0.1,0)end end;for a0,bw in next,aC or{}do bu[bw[1]]=bw[2]end;bu.Parent=bp;return bu end end;function getAttachment0(bp,bs)for a0,bx in next,bp:children()do local by=bx:FindFirstChild(bs)if by then return by end end end;function Ragdoll(bz,bA,bB)pcall(function()bz:breakJoints()local bz=bz;local bC=bz:FindFirstChildOfClass'Humanoid'local bD=GetTorso(bz)pcall(function()bz.HumanoidRootPart:destroy()end)bC.Health=0;C[bz]=true;if bC.RigType==Enum.HumanoidRigType.R6 then local bE,bF,bG,bH,bI=bz:FindFirstChild'Right Arm',bz:FindFirstChild'Left Arm',bz:FindFirstChild'Right Leg',bz:FindFirstChild'Left Leg',bz:FindFirstChild'Head'pcall(function()if bC.Health>0 then local bJ=NewInstance('Part',bz,{Size=bE.Size/1.5,Anchored=false,Transparency=1,Name='Collision'})FakeWeld(bE,bJ)end;local bK=NewInstance("Attachment",bD,{Position=M.N(1.5,.5,0),Orientation=M.N()})local bL=NewInstance("Attachment",bE,{Position=M.N(0,.5,0),Orientation=M.N()})local bM=NewInstance('BallSocketConstraint',bD,{Radius=.15,LimitsEnabled=true,Enabled=true,Restitution=0,UpperAngle=90,Attachment0=bK,Attachment1=bL})end)pcall(function()local bN=NewInstance("Attachment",bD,{Position=M.N(-1.5,.5,0),Orientation=M.N()})local bO=NewInstance("Attachment",bF,{Position=M.N(0,.5,0),Orientation=M.N()})local bP=NewInstance('BallSocketConstraint',bD,{Radius=.15,LimitsEnabled=true,Enabled=true,Restitution=0,UpperAngle=90,Attachment0=bN,Attachment1=bO})if bC.Health>0 then local bQ=NewInstance('Part',bz,{Size=bF.Size/1.5,Anchored=false,Transparency=1,Name='Collision'})FakeWeld(bF,bQ)end end)pcall(function()if bI then local bR=NewInstance('Attachment',bD,{Position=M.N(0,1,0),Orientation=M.N()})local bS=NewInstance('Attachment',bI,{Position=M.N(0,-.5,0),Orientation=M.N()})local bT=NewInstance('Attachment',bI,{Position=M.N(0,.5,0),Orientation=M.N()})local bU=NewInstance('HingeConstraint',bD,{LimitsEnabled=true,UpperAngle=50,LowerAngle=-50,Attachment0=bR,Attachment1=bS})if bB then bR.Orientation=M.N(0,90,0)end;if bC.Health>0 then local bV=NewInstance('Part',bz,{Size=bI.Size/1.5,Anchored=false,Transparency=1,Name='Collision'})FakeWeld(bI,bV)end end end)if not bA then local bW=NewInstance("Attachment",bD,{Position=M.N(.5,-1,0),Orientation=M.N()})local bX=NewInstance("Attachment",bG,{Position=M.N(0,1,0),Orientation=M.N()})local bY=NewInstance("Attachment",bD,{Position=M.N(-.5,-1,0),Orientation=M.N()})local bZ=NewInstance("Attachment",bH,{Position=M.N(0,1,0),Orientation=M.N()})local b_=NewInstance('BallSocketConstraint',bD,{Radius=.15,LimitsEnabled=true,Enabled=true,Restitution=0,UpperAngle=90,Attachment0=bW,Attachment1=bX})local c0=NewInstance('BallSocketConstraint',bD,{Radius=.15,LimitsEnabled=true,Enabled=true,Restitution=0,UpperAngle=90,Attachment0=bY,Attachment1=bZ})if bC.Health>0 then local c1=NewInstance('Part',bz,{Size=bG.Size/1.5,Anchored=false,Transparency=1,Name='Collision'})local c2=NewInstance('Part',bz,{Size=bH.Size/1.5,Anchored=false,Transparency=1,Name='Collision'})FakeWeld(bG,c1)FakeWeld(bH,c2)end end;for a0,J in next,bz:children()do if J:IsA'BasePart'then J.CanCollide=true end end else local bp=bz;if bA then pcall(function()bp.UpperTorso.WaistRigAttachment:Destroy()end)end;local c3={{"LimitsEnabled",true},{"UpperAngle",0},{"LowerAngle",0}}local c4={{"LimitsEnabled",true},{"UpperAngle",15},{"LowerAngle",-45}}local c5={{"LimitsEnabled",true},{"UpperAngle",0},{"LowerAngle",-75}}if bp:FindFirstChild('RightLowerArm')and bp:FindFirstChild('RightHand')then ragdollJoint(bp,bp.RightLowerArm,bp.RightHand,"RightWrist","Hinge",c3)end;if bp:FindFirstChild('UpperTorso')and bp:FindFirstChild('RightUpperArm')then ragdollJoint(bp,bp.UpperTorso,bp["RightUpperArm"],"RightShoulder","BallSocket")end;if bp:FindFirstChild('RightUpperArm')and bp:FindFirstChild('RightLowerArm')then ragdollJoint(bp,bp.RightUpperArm,bp.RightLowerArm,"RightElbow","BallSocket")end;if bp:FindFirstChild('LeftLowerArm')and bp:FindFirstChild('LeftHand')then ragdollJoint(bp,bp.LeftLowerArm,bp.LeftHand,"LeftWrist","Hinge",c3)end;if bp:FindFirstChild('UpperTorso')and bp:FindFirstChild('LeftUpperArm')then ragdollJoint(bp,bp.UpperTorso,bp["LeftUpperArm"],"LeftShoulder","BallSocket")end;if bp:FindFirstChild('LeftUpperArm')and bp:FindFirstChild('LeftLowerArm')then ragdollJoint(bp,bp.LeftUpperArm,bp.LeftLowerArm,"LeftElbow","BallSocket")end;if bp:FindFirstChild('RightUpperLeg')and bp:FindFirstChild('RightLowerLeg')then ragdollJoint(bp,bp.RightUpperLeg,bp.RightLowerLeg,"RightKnee","Hinge",c5)end;if bp:FindFirstChild('RightLowerLeg')and bp:FindFirstChild('RightFoot')then ragdollJoint(bp,bp.RightLowerLeg,bp.RightFoot,"RightAnkle","Hinge",c4)end;if bp:FindFirstChild('LowerTorso')and bp:FindFirstChild('RightUpperLeg')then ragdollJoint(bp,bp.LowerTorso,bp.RightUpperLeg,"RightHip","BallSocket")end;if bp:FindFirstChild('LeftUpperLeg')and bp:FindFirstChild('LeftLowerLeg')then ragdollJoint(bp,bp.LeftUpperLeg,bp.LeftLowerLeg,"LeftKnee","Hinge",c5)end;if bp:FindFirstChild('LeftLowerLeg')and bp:FindFirstChild('LeftFoot')then ragdollJoint(bp,bp.LeftLowerLeg,bp.LeftFoot,"LeftAnkle","Hinge",c4)end;if bp:FindFirstChild('LowerTorso')and bp:FindFirstChild('LeftUpperLeg')then ragdollJoint(bp,bp.LowerTorso,bp.LeftUpperLeg,"LeftHip","BallSocket")end;if bp:FindFirstChild('UpperTorso')and bp:FindFirstChild('LowerTorso')then ragdollJoint(bp,bp.LowerTorso,bp.UpperTorso,"Waist","BallSocket",{{"LimitsEnabled",true},{"UpperAngle",5},{"Radius",5}})end;if bp:FindFirstChild('UpperTorso')and bp:FindFirstChild('Head')then ragdollJoint(bp,bp.UpperTorso,bp.Head,"Neck","Hinge",{{"LimitsEnabled",true},{"UpperAngle",50},{"LowerAngle",-50}})end;local c6=ragdollJoint(bp,bp.UpperTorso,bp.Head,"Neck","Hinge",{{"LimitsEnabled",true},{"UpperAngle",50},{"LowerAngle",-50}})recurse(bp,function(a0,J)if J:IsA("Attachment")then J.Axis=Vector3.new(0,1,0)J.SecondaryAxis=Vector3.new(0,0,1)J.Rotation=Vector3.new(0,0,0)if J.Parent==bp.Head and bB then J.Orientation=M.N(0,-90,0)end end end)end end)end;function Bezier(c7,c8,c9,ca,bD)local cb=c7:lerp(c8,bD)local cc=c8:lerp(c9,bD)local cd=c9:lerp(ca,bD)local ce=cb:lerp(cc,bD)local cf=cc:lerp(cd,bD)local cg=ce:lerp(cf,bD)return cg end;function Effect(ch)local ci=ch.Effect or'Resize-AndFade'local ad=ch.Parent or r;local cj=ch.Color or L.N(0,0,0)local ck=ch.Size or M.N(1,1,1)local cl=ch.MoveDirection or nil;local cm=ch.Mesh or nil;local cn=ch.Sound or nil;local co=ch.Frames or 45;local cp=ch.Manual or nil;local cq=ch.Material or nil;local cr=ch.CFrame or m.CFrame;local cs=ch.FXSettings or{}local ct,cu,cv;if cp and typeof(cp)=='Instance'and cp:IsA'BasePart'then cu=cp else cu=Part(ad,cj,cq,ck,cr,true,false)end;if typeof(cm)=='table'then cv=Mesh(cu,cm.MeshType,cm.MeshId,cm.TextureId,cm.Scale,cm.Offset)elseif typeof(cm)=='Instance'then cv=cm:Clone()cv.Parent=cu end;if typeof(cn)=='table'or typeof(cn)=='Instance'then ct=Sound(cu,cn.SoundId,cn.Pitch,cn.Volume,false,false,true)end;if ct then repeat wait()until ct.Playing and ct.IsLoaded and ct.TimeLength>0;co=ct.TimeLength*a2/ct.Pitch end;local cw=nil;if cl then cw=(cr.p-cl).magnitude/co end;local cx=N.RNG()-N.RNG()local cy=0;local cz=N.RNG(50,100)/100;coroutine.wrap(function()if ci~='Arc'then for c=1,co do if ci=='Resize-AndFade'then if not cs.EndSize then cs.EndSize=M.N(0,0,0)end;local cA=typeof(cs.EndSize)=='Vector3'and cs.EndSize-ck or typeof(cs.EndSize)=='number'and M.N(cs.EndSize)if cs.EndIsIncrement then cu.Size=cu.Size-cs.EndSize else cu.Size=cu.Size-cA/co end;cu.Transparency=c/co elseif ci=='Resize+AndFade'then if not cs.EndSize then cs.EndSize=ck*2 end;local cA=typeof(cs.EndSize)=='Vector3'and cs.EndSize-ck or typeof(cs.EndSize)=='number'and M.N(cs.EndSize)if cs.EndIsIncrement then cu.Size=cu.Size+cs.EndSize else cu.Size=cu.Size+cA/co end;cu.Transparency=c/co elseif ci=='Fade'then cu.Transparency=c/co end;if cs.RandomizeCFrame then cu.CFrame=cu.CFrame*K.A(N.RRNG(-360,360),N.RRNG(-360,360),N.RRNG(-360,360))end;if cl and cw then local cB=cu.Orientation;cu.CFrame=K.N(cu.Position,cl)*K.N(0,0,-cw)cu.Orientation=cB end;if swait and typeof(swait)=='function'then swait()else wait()end end;cu:destroy()else local cC,cD,cE,cF=cs.Start,cs.Third,cs.Fourth,cs.End;if not cs.End and cs.Home then cF=cs.Home.CFrame end;local cG=cD or cC:lerp(cF,0.25)*K.N(N.RNG(-25,25),N.RNG(0,25),N.RNG(-25,25))local cH=cE or cC:lerp(cF,0.75)*K.N(N.RNG(-25,25),N.RNG(0,25),N.RNG(-25,25))assert(cC~=nil,"You need to specify a start point!")assert(cF~=nil,"You need to specify an end point!")for c=0,1,cs.Speed or 0.01 do if cs.Home then cF=cs.Home.CFrame end;cu.CFrame=Bezier(cC,cG,cH,cF,c)if swait and typeof(swait)=='function'then swait()else wait()end end;if cs.RemoveOnGoal then cu:destroy()end end end)()return cu,cv,ct end;function SoulSteal(bp)local cI=bp:FindFirstChild'Head'or bp:FindFirstChild'Torso'or bp:FindFirstChild'UpperTorso'or bp:FindFirstChild'LowerTorso'or bp:FindFirstChild'HumanoidRootPart'print(cI)if cI and cI:IsA'BasePart'then local cJ=Instance.new("Model",r)cJ.Name=bp.Name.."'s Soul"bp:BreakJoints()local cK=Part(cJ,BrickColor.new'Really red','Glass',M.N(.5,.5,.5),cI.CFrame,true,false)cK.Name='Head'NewInstance("Humanoid",cJ,{Health=0,MaxHealth=0})Effect{Effect="Arc",Manual=cK,FXSettings={Start=cI.CFrame,Home=m,RemoveOnGoal=true}}local cL=cK.CFrame.p;for c=0,1,0.01 do local cM=CFrame.new(cL,cK.Position)*CFrame.Angles(-math.pi/2,0,0)local cN=(cL-cK.Position).magnitude;Effect{Effect="Fade",CFrame=cM*K.N(0,cN/2,0),Size=M.N(.5,cN+.5,.5),Color=cK.BrickColor}cL=cK.CFrame.p;swait()end;for c=1,5 do Effect{Effect="Fade",Color=BrickColor.new'Really red',MoveDirection=(m.CFrame*CFrame.new(N.RNG(-40,40),N.RNG(-40,40),N.RNG(-40,40))).p}end end end;function getRegion(cM,bi,cO)return workspace:FindPartsInRegion3WithIgnoreList(R.N(cM-M.N(1,1,1)*bi/2,cM+M.N(1,1,1)*bi/2),cO,100)end;function clerp(cP,cQ,cR)return cP:lerp(cQ,cR)end;function GetTorso(cS)return cS:FindFirstChild'Torso'or cS:FindFirstChild'UpperTorso'end;function ShowDamage(cT,cU,cV,cj)coroutine.wrap(function()local cW=1/30;local cT=cT or Vector3.new(0,0,0)local cU=cU or""local cV=cV or 2;local cj=cj or Color3.new(1,0,1)local cX=NewInstance("Part",r,{Material=Enum.Material.SmoothPlastic,RArmlectance=0,Transparency=1,BrickColor=BrickColor.new(cj),Name="Effect",Size=Vector3.new(0,0,0),Anchored=true})local cY=NewInstance("BillboardGui",cX,{Size=UDim2.new(1.25,0,1.25,0),Adornee=cX})local cZ=NewInstance("TextLabel",cY,{BackgroundTransparency=1,Size=UDim2.new(1,0,1,0),Text=cU,Font="Arial",TextColor3=cj,TextStrokeColor3=Color3.new(0,0,0),TextStrokeTransparency=0,TextScaled=true})game.Debris:AddItem(cX,cV)cX.Parent=game:GetService("Workspace")delay(0,function()local co=cV/cW;for c_=1,co do wait(cW)local d0=c_/co;cX.CFrame=CFrame.new(cT)+Vector3.new(0,d0,0)cZ.TextTransparency=d0;cZ.TextStrokeTransparency=d0 end;if cX and cX.Parent then cX:Destroy()end end)end)()end;function DealDamage(bz,d1,d2,d3,d4,d5,d6)if bz then local d7=bz:FindFirstChildOfClass'Humanoid'local d8=N.RNG(d1,d2)local d9=true;if d7 then for a0,aY in pairs(u)do if aY[1]==d7 then if time()-aY[2]<0.1 then d9=false else u[a0]=nil end end end;if d9 then if d7.Health>=math.huge then bz:BreakJoints()if bz:FindFirstChild'Head'and d7.Health>0 then ShowDamage(bz.Head.CFrame*K.N(0,0,bz.Head.Size.Z/2).p+M.N(0,1.5,0),"INSTANT",1.5,L.N(1,0,0))end else local da=a.Players:GetPlayerFromCharacter(bz)if d4=="Fire"then else local db=Instance.new("ObjectValue",d7)db.Name="creator"db.Value=e;game:service'Debris':AddItem(db,0.35)if N.RNG(1,100)<=(d5 or 0)then if bz:FindFirstChild'Head'and d7.Health>0 then ShowDamage(bz.Head.CFrame*K.N(0,0,bz.Head.Size.Z/2).p+M.N(0,1.5,0),"[CRIT] "..d8*(d6 or 2),1.5,BrickColor.new'New Yeller'.Color)end;d7.Health=d7.Health-d8*(d6 or 2)else if bz:FindFirstChild'Head'and d7.Health>0 then ShowDamage(bz.Head.CFrame*K.N(0,0,bz.Head.Size.Z/2).p+M.N(0,1.5,0),d8,1.5,a6.Color)end;d7.Health=d7.Health-d8 end;if d4=='Knockback'and GetTorso(bz)then local dc=GetTorso(bz).Position-l.Position+Vector3.new(0,0,0).unit;local dd=NewInstance('BodyVelocity',GetTorso(bz),{P=500,maxForce=M.N(math.huge,0,math.huge),velocity=l.CFrame.lookVector*d3+l.Velocity/1.05})game:service'Debris':AddItem(dd,.5)elseif d4=='Knockdown'and GetTorso(bz)then local de=GetTorso(bz)print(de)d7.PlatformStand=true;delay(1,function()d7.PlatformStand=false end)local dc=(GetTorso(bz).Position-(l.Position+Vector3.new(0,0,0))).unit;local df=NewInstance("BodyVelocity",de,{velocity=dc*d3,P=5000,maxForce=Vector3.new(8e+003,8e+003,8e+003)})local dg=NewInstance("BodyAngularVelocity",de,{P=3000,maxTorque=Vector3.new(500000,500000,500000)*50000000000000,angularvelocity=Vector3.new(math.random(-10,10),math.random(-10,10),math.random(-10,10))})game:GetService("Debris"):AddItem(df,.5)game:GetService("Debris"):AddItem(dg,.5)end end end end;table.insert(u,{d7,time()})end end end;function AOEDamage(X,bi,d1,d2,d3,d4)for a0,J in next,getRegion(X,bi,{f})do if J.Parent and J.Parent:FindFirstChildOfClass'Humanoid'then DealDamage(J.Parent,d1,d2,d3,d4)end end end;function AOEFunction(X,bi,Y)for a0,J in next,getRegion(X,bi,{f})do if J.Parent and J.Parent:FindFirstChildOfClass'Humanoid'then Y(J.Parent)end end end;function ClosestHumanoid(ba,bi)local cN,dh=math.huge;for a0,J in next,getRegion(ba,bi or 10,{f})do local d7=J.Parent and J.Parent:FindFirstChildOfClass'Humanoid'if(J.CFrame.p-ba).magnitude<cN and d7 and dh~=d7 and d7.Health>0 then cN=(J.CFrame.p-ba).magnitude;dh=d7 end end;return dh,dh and GetTorso(dh.Parent)or nil end;function AOEHeal(X,bi,b8)local di={}for a0,J in next,getRegion(X,bi,{f})do local d7=J.Parent and J.Parent:FindFirstChildOfClass'Humanoid'or nil;if d7 and not di[d7]then d7.Health=d7.Health+b8;if J.Parent:FindFirstChild'Head'and d7.Health>0 then ShowDamage(J.Parent.Head.CFrame*K.N(0,0,J.Parent.Head.Size.Z/2).p+M.N(0,1.5,0),"+"..b8,1.5,BrickColor.new'Really red'.Color)end end end end;function Equip_Sawblade()for c=1,5 do Effect{Effect='Resize+AndFade',Color=BrickColor.new'Really red',Material=Enum.Material.Neon,Size=M.N(3.5,3.5,3.5),CFrame=h.CFrame*K.N(0,-1,0)*K.A(N.RRNG(0,180),N.RRNG(0,180),N.RRNG(0,180)),FXSettings={EndSize=M.N(.05,.05,.05),EndIsIncrement=true}}end;local dj=Part(f,BrickColor.new'Really red',Enum.Material.SmoothPlastic,M.N(3.42,3.42,0.05),K.N(),false,false)dj.Transparency=.5;local dk=Mesh(dj,Enum.MeshType.FileMesh,"rbxassetid://74322089","",M.N(3,3,3),M.N())local dl=NewInstance("Weld",f,{Part0=h,Part1=dj,C0=K.N(0,-1.25,0)})return dj,dl end;function The_Necc()local dm,cI=ClosestHumanoid(m.CFrame.p,5)if cI then local bz=cI.Parent;p=true;o=false;bz.Parent=f;local dn;pcall(function()dn=bz.HumanoidRootPart;dn.Parent=nil end)local dp=NewInstance("Weld",f,{Part0=l,Part1=cI,C0=K.N(0,0,-1.25)})for c=0,4,0.1 do swait()dm.PlatformStand=true;local dq=.15;aK.C0=clerp(aK.C0,CFrame.new(7.78455425e-13,0.00629367586,-2.39849396e-06,0.99999243,1.23691279e-10,0,1.90985006e-11,0.99998045,-0.00628617778,9.31322575e-10,0.00628614007,0.999973059),dq)aI.C0=clerp(aI.C0,CFrame.new(-0.496486545,-0.990821958,0.021611277,0.999870956,1.90985006e-11,0.0156118907,-9.81391422e-05,0.99998045,0.00628537685,-0.0156115862,-0.00628617778,0.999851584),dq)aJ.C0=clerp(aJ.C0,CFrame.new(0.498530418,-0.990985394,0.0154574998,0.999870956,1.90985006e-11,0.0156118907,-9.81391422e-05,0.99998045,0.00628537685,-0.0156115862,-0.00628617778,0.999851584),dq)aF.C0=clerp(aF.C0,CFrame.new(-1.0486517,0.929213107,-0.824554026,0.712753832,-0.694763601,-0.0963225588,0.0692147464,0.206324935,-0.976032555,0.697985768,0.689004064,0.195146814),dq)aG.C0=clerp(aG.C0,CFrame.new(0.386394978,1.64370263,-1.084023,-0.617445648,-0.751786709,-0.231452331,-0.0510570146,0.331923157,-0.941923738,0.784950197,-0.569769561,-0.243328467),dq)aH.C0=clerp(aH.C0,CFrame.new(8.16636839e-06,1.49895489,-0.0144007429,0.99999243,3.67523171e-07,-1.61118805e-07,-3.56405508e-07,0.997965038,0.0637686625,1.8440187e-07,-0.0637682825,0.997957468),dq)end;dp:destroy()if bz:FindFirstChild'Head'then local b=Sound(bz:FindFirstChild'Head',1093102664,1,2,false,false,false)b:Play()b.Ended:connect(function()b:Destroy()end)end;bz.Parent=workspace;dm.Health=0;Ragdoll(bz,false,true)for c=0,1.5,0.1 do swait()dm.PlatformStand=true;local dq=.3;aK.C0=clerp(aK.C0,CFrame.new(7.78455425e-13,0.00629367586,-2.39849396e-06,0.99999243,1.23691279e-10,0,1.90985006e-11,0.99998045,-0.00628617778,9.31322575e-10,0.00628614007,0.999973059),dq)aI.C0=clerp(aI.C0,CFrame.new(-0.496486545,-0.990821958,0.021611277,0.999870956,1.90985006e-11,0.0156118907,-9.81391422e-05,0.99998045,0.00628537685,-0.0156115862,-0.00628617778,0.999851584),dq)aJ.C0=clerp(aJ.C0,CFrame.new(0.498530418,-0.990985394,0.0154574998,0.999870956,1.90985006e-11,0.0156118907,-9.81391422e-05,0.99998045,0.00628537685,-0.0156115862,-0.00628617778,0.999851584),dq)aF.C0=clerp(aF.C0,CFrame.new(-1.47842193,0.485131323,-0.0262347199,0.0664671659,0.993123412,-0.0963359103,-0.201927185,-0.0811635256,-0.976031899,-0.977139056,0.0843269154,0.195143938),dq)aG.C0=clerp(aG.C0,CFrame.new(2.33067179,0.249403879,0.270489573,0.171869993,0.978404701,-0.114792682,0.105083257,-0.134070903,-0.985384524,-0.979495406,0.157295257,-0.125856698),dq)aH.C0=clerp(aH.C0,CFrame.new(8.16636839e-06,1.49895489,-0.0144007429,0.99999243,3.67523171e-07,-1.61118805e-07,-3.56405508e-07,0.997965038,0.0637686625,1.8440187e-07,-0.0637682825,0.997957468),dq)end;p=false;o=true end end;function Hands_Off()local dm,cI=ClosestHumanoid(m.CFrame.p,5)if cI then local bz=cI.Parent;local dr=false;Instance.AllChildren(bz,function(J)if J.Name:lower():find"arm"then dr=true end end,true)if not dr then return end;g.WalkSpeed=0;g.JumpPower=0;p=true;o=false;bz.Parent=f;local dn;pcall(function()dn=bz.HumanoidRootPart;dn.Parent=nil end)local dp=NewInstance("Weld",f,{Part0=l,Part1=cI,C0=K.N(0,0,-1.25)})for c=0,4,0.1 do swait()dm.PlatformStand=true;local dq=.15;aK.C0=clerp(aK.C0,CFrame.new(3.20564755e-13,0.00629412755,1.41908095e-06,0.999999225,5.09317033e-11,0,-4.38656264e-11,0.999980271,-0.00628618058,0,0.00628617639,0.999979496),dq)aI.C0=clerp(aI.C0,CFrame.new(-0.496493757,-0.990819633,0.021611426,0.999877751,-4.38656264e-11,0.0156119959,-9.81397825e-05,0.999980271,0.0062854127,-0.0156116877,-0.00628618058,0.999858022),dq)aJ.C0=clerp(aJ.C0,CFrame.new(0.498533875,-0.990984261,0.0154613676,0.999877751,-4.38656264e-11,0.0156119959,-9.81397825e-05,0.999980271,0.0062854127,-0.0156116877,-0.00628618058,0.999858022),dq)aF.C0=clerp(aF.C0,CFrame.new(-1.42285931,0.338565946,-0.110074639,0.983876407,0.1786367,0.00868223887,-0.0932332501,0.553717494,-0.827468753,-0.152623802,0.813317537,0.561444461),dq)aG.C0=clerp(aG.C0,CFrame.new(1.374735,0.282860518,-0.133752465,0.973415911,-0.228878334,0.00868532527,0.135509402,0.544919252,-0.827466309,0.184656292,0.806645751,0.561448157),dq)aH.C0=clerp(aH.C0,CFrame.new(8.16625652e-06,1.49895275,-0.014400661,0.999999225,3.67464963e-07,-1.62050128e-07,-3.56478267e-07,0.997964799,0.0637686923,1.844