--made by Nebula
--Fe converted by b0wla
wait(1/60)local a=setmetatable({},{__index=function(b,c)return game:service(c)end})local d=a.Players;local e=d.LocalPlayer;local f=e.Character;local g=f:FindFirstChildOfClass'Humanoid'local i=f["Right Arm"]local j=f["Left Arm"]local k=f["Right Leg"]local l=f["Left Leg"]local m=f:FindFirstChild'HumanoidRootPart'local n=f.Torso;local o=f.Head;local p=true;local q=false;local r={}local s={}local t={Debounces={}}local u=e:GetMouse()local v={}local w=0;local x=0;local y=1;local z,A,B,C;local D={}local E=game.PlaceId==843468296;function t:New(F,G)local H={Usable=true,Cooldown=G or 2,CoolingDown=false,LastUse=0}setmetatable(H,{__index=t})t.Debounces[F]=H;return H end;function t:Use(I)assert(self.Usable~=nil and self.LastUse~=nil and self.CoolingDown~=nil,"Expected ':' not '.' calling member function Use")if self.Usable or I then self.Usable=false;self.CoolingDown=true;local J=time()self.LastUse=J;delay(self.Cooldown or 2,function()if self.LastUse==J then self.CoolingDown=false;self.Usable=true end end)end end;function t:Get(F)assert(typeof(F)=='string',"bad argument #1 to 'get' (string expected, got %s)":format(typeof(F)==nil and"no value"or typeof(F)))for c,K in next,t.Debounces do if c==F then return K end end end;function t:GetProgressPercentage()assert(self.Usable~=nil and self.LastUse~=nil and self.CoolingDown~=nil,"Expected ':' not '.' calling member function Use")if self.CoolingDown and not self.Usable then return math.max(math.floor(((time()-self.LastUse)/self.Cooldown or 2)*100))else return 100 end end;local L={N=CFrame.new,A=CFrame.Angles,fEA=CFrame.fromEulerAnglesXYZ}local M={N=Color3.new,RGB=Color3.fromRGB,HSV=Color3.fromHSV,tHSV=Color3.toHSV}local N={N=Vector3.new,FNI=Vector3.FromNormalId,A=Vector3.FromAxis}local O={C=math.cos,R=math.rad,S=math.sin,P=math.pi,RNG=math.random,MRS=math.randomseed,H=math.huge,RRNG=function(P,Q,R)return math.rad(math.random(P,Q)/(R or 1))end}local S={N=Region3.new}local T=a.Debris;local U=workspace;local V=a.Lighting;local W=a.ReplicatedStorage;local X=Instance.new;local Instance=setmetatable({AllChildren=function(Y,Z,_)local a0=_ and Y:GetDescendants()or Y:GetChildren()for a1,K in next,a0 do Z(K)end end,ClearChildrenOfClass=function(Y,a2,_)local a0=_ and Y:GetDescendants()or Y:GetChildren()for a1,K in next,a0 do if K:IsA(a2)then K:destroy()end end end},{__index=Instance})local a3=60;local a4=false;local a5=false;local a6=1;local a7=BrickColor.new'Really red'local a8=1030796589;local a9=1;local aa="rbxassetid://284205403"local ab=BrickColor.new'Crimson'local ac=Enum.Material.SmoothPlastic;if a4 then Instance.ClearChildrenOfClass(f,"Accessory",true)end;if a5 then Instance.ClearChildrenOfClass(f,"Clothing",true)Instance.ClearChildrenOfClass(f,"ShirtGraphic",true)end;local s=X("Folder",f)s.Name="Effects"New=function(ad,ae,af,ag)local ad=Instance.new(ad)for ah,ai in pairs(ag or{})do ad[ah]=ai end;ad.Parent=ae;ad.Name=af;return ad end;CyborgArm=New("Model",f,"CyborgArm",{})Handle=New("Part",CyborgArm,"Part",{BrickColor=BrickColor.new("Smoky grey"),Material=Enum.Material.Metal,Size=Vector3.new(1.0500015,2.02999949,1.07999992),CFrame=CFrame.new(-138.347275,2.99473095,41.7816849,0.999635339,8.27677286e-06,0.0270056836,-0.000191000072,0.999977112,0.00676353322,-0.0270050094,-0.00676622428,0.999612451),BottomSurface=Enum.SurfaceType.Smooth,TopSurface=Enum.SurfaceType.Smooth,Color=Color3.new(0,0,0)})Part=New("Part",CyborgArm,"Part",{BrickColor=BrickColor.new("Really red"),Material=Enum.Material.Neon,Size=Vector3.new(0.429999948,0.100000001,1.04999983),CFrame=CFrame.new(-138.369171,2.89115906,41.8271637,0.505694926,-0.862284958,0.0271573812,0.862490892,0.506027818,0.0067293453,-0.019545,0.0200200025,0.999608755),BottomSurface=Enum.SurfaceType.Smooth,TopSurface=Enum.SurfaceType.Smooth,Color=Color3.new(1,0,0)})mot=New("Motor",Part,"mot",{Part0=Part,Part1=i,C0=CFrame.new(0,0,0,0.505694926,0.862490892,-0.0195449982,-0.862284899,0.506027818,0.0200199969,0.0271573793,0.00672934437,0.999608576),C1=CFrame.new(0.0136108398,-0.108844995,-0.0342674255,-0.99999994,1.23908515e-22,-0.000331714633,1.23944917e-22,1,-1.09697344e-22,0.000331714633,-1.09738441e-22,-0.99999994)})Part=New("Part",CyborgArm,"Part",{BrickColor=BrickColor.new("Really red"),Material=Enum.Material.Neon,Size=Vector3.new(0.600001693,0.100000001,1.04999983),CFrame=CFrame.new(-138.268127,3.26462603,41.8218994,0.0100010047,-0.999581397,0.0271513518,0.999925494,0.010187286,0.00673122332,-0.00700500328,0.027082013,0.999608815),BottomSurface=Enum.SurfaceType.Smooth,TopSurface=Enum.SurfaceType.Smooth,Color=Color3.new(1,0,0)})mot=New("Motor",Part,"mot",{Part0=Part,Part1=i,C0=CFrame.new(0,0,0,0.0100010047,0.999925494,-0.00700500328,-0.999581337,0.010187286,0.0270820074,0.0271513499,0.00673122238,0.999608636),C1=CFrame.new(-0.0874328613,0.264621973,-0.028968811,-0.99999994,1.23908515e-22,-0.000331714633,1.23944917e-22,1,-1.09697344e-22,0.000331714633,-1.09738441e-22,-0.99999994)})Part=New("Part",CyborgArm,"Part",{BrickColor=BrickColor.new("Really red"),Material=Enum.Material.Neon,Size=Vector3.new(0.3000018,0.100000001,1.04999983),CFrame=CFrame.new(-138.217133,3.61339307,41.8189926,0.778245091,-0.627379835,0.0270029604,0.627452075,0.778625846,0.00676273741,-0.0252680089,0.0116800005,0.999612689),BottomSurface=Enum.SurfaceType.Smooth,TopSurface=Enum.SurfaceType.Smooth,Color=Color3.new(1,0,0)})mot=New("Motor",Part,"mot",{Part0=Part,Part1=i,C0=CFrame.new(0,0,0,0.778245091,0.627452075,-0.0252680033,-0.627379835,0.778625846,0.0116799958,0.0270029567,0.00676273648,0.99961251),C1=CFrame.new(-0.138427734,0.613389015,-0.0260467529,-0.99999994,1.23908515e-22,-0.000331714633,1.23944917e-22,1,-1.09697344e-22,0.000331714633,-1.09738441e-22,-0.99999994)})Part=New("Part",CyborgArm,"Part",{BrickColor=BrickColor.new("Really red"),Material=Enum.Material.Neon,Shape=Enum.PartType.Cylinder,Size=Vector3.new(0.840000331,0.420000285,1),CFrame=CFrame.new(-138.395523,2.38962889,41.7660217,-0.00574199716,-0.999983609,1.77533366e-09,0.999983549,-0.00574199716,9.3131769e-10,9.41781764e-10,1.77533366e-09,1.00000012),BottomSurface=Enum.SurfaceType.Smooth,TopSurface=Enum.SurfaceType.Smooth,Color=Color3.new(1,0,0)})mot=New("Motor",Part,"mot",{Part0=Part,Part1=i,C0=CFrame.new(0,0,0,-0.00574199716,0.999983549,0,-0.999983549,-0.00574199716,0,0,0,1),C1=CFrame.new(0.0399932861,-0.610375166,0.0268669128,-0.99999994,1.23908515e-22,-0.000331714633,1.23944917e-22,1,-1.09697344e-22,0.000331714633,-1.09738441e-22,-0.99999994)})Part=New("Part",CyborgArm,"Part",{BrickColor=BrickColor.new("Really red"),Material=Enum.Material.Neon,Shape=Enum.PartType.Cylinder,Size=Vector3.new(0.840000331,0.420000285,0.2900002),CFrame=CFrame.new(-138.540939,3.80931711,41.9832687,2.29982252e-05,-0.999983609,-0.00574393803,-0.00452899979,-0.00574398367,0.999973238,-0.999989927,3.01669934e-06,-0.00452905567),BottomSurface=Enum.SurfaceType.Smooth,TopSurface=Enum.SurfaceType.Smooth,Color=Color3.new(1,0,0)})mot=New("Motor",Part,"mot",{Part0=Part,Part1=i,C0=CFrame.new(0,0,0,2.29999951e-05,-0.00452899886,-0.999989748,-0.999983549,-0.00574398367,3.01490991e-06,-0.00574393803,0.999973238,-0.00452905614),C1=CFrame.new(0.185333252,0.809313059,-0.190429688,-0.99999994,1.23908515e-22,-0.000331714633,1.23944917e-22,1,-1.09697344e-22,0.000331714633,-1.09738441e-22,-0.99999994)})Part=New("Part",CyborgArm,"Part",{BrickColor=BrickColor.new("Smoky grey"),Material=Enum.Material.Metal,Shape=Enum.PartType.Ball,Size=Vector3.new(1.16000044,1.16000044,1.16000044),CFrame=CFrame.new(-138.563065,3.74006891,41.8137894,1,-1.23944917e-22,1.77533366e-09,-1.48608469e-11,1,9.3131769e-10,-1.80443749e-09,9.31322575e-10,1.00000012),BottomSurface=Enum.SurfaceType.Smooth,TopSurface=Enum.SurfaceType.Smooth,Color=Color3.new(0,0,0)})mot=New("Motor",Part,"mot",{Part0=Part,Part1=i,C1=CFrame.new(0.207519531,0.740064859,-0.0209579468,-0.99999994,1.23908515e-22,-0.000331714633,1.23944917e-22,1,-1.09697344e-22,0.000331714633,-1.09738441e-22,-0.99999994)})Part=New("Part",CyborgArm,"Part",{BrickColor=BrickColor.new("Really red"),Material=Enum.Material.Neon,Size=Vector3.new(0.660001755,0.100000001,0.799999833),CFrame=CFrame.new(-138.557587,3.57138705,41.9535294,0.999635398,8.27676195e-06,0.0270056874,-0.000191000116,0.999977112,0.00676353415,-0.0270050168,-0.00676622475,0.999612629),BottomSurface=Enum.SurfaceType.Smooth,TopSurface=Enum.SurfaceType.Smooth,Color=Color3.new(1,0,0)})mot=New("Motor",Part,"mot",{Part0=Part,Part1=i,C0=CFrame.new(0,0,0,0.999635339,-0.000191000072,-0.0270050094,8.27677377e-06,0.999977112,-0.00676622428,0.0270056836,0.00676353322,0.999612451),C1=CFrame.new(0.20199585,0.571382999,-0.160697937,-0.99999994,1.23908515e-22,-0.000331714633,1.23944917e-22,1,-1.09697344e-22,0.000331714633,-1.09738441e-22,-0.99999994)})Part=New("Part",CyborgArm,"Part",{BrickColor=BrickColor.new("Really red"),Material=Enum.Material.Neon,Size=Vector3.new(0.660001755,0.100000001,0.0899999291),CFrame=CFrame.new(-138.548004,3.20288205,42.3108978,0.999635398,8.27676195e-06,0.0270056874,-0.000191000116,0.999977112,0.00676353415,-0.0270050168,-0.00676622475,0.999612629),BottomSurface=Enum.SurfaceType.Smooth,TopSurface=Enum.SurfaceType.Smooth,Color=Color3.new(1,0,0)})mot=New("Motor",Part,"mot",{Part0=Part,Part1=i,C0=CFrame.new(0,0,0,0.999635339,-0.000191000072,-0.0270050094,8.27677377e-06,0.999977112,-0.00676622428,0.0270056836,0.00676353322,0.999612451),C1=CFrame.new(0.19229126,0.202877998,-0.518062592,-0.99999994,1.23908515e-22,-0.000331714633,1.23944917e-22,1,-1.09697344e-22,0.000331714633,-1.09738441e-22,-0.99999994)})Part=New("Part",CyborgArm,"Part",{BrickColor=BrickColor.new("Really red"),Material=Enum.Material.Neon,Size=Vector3.new(0.390001893,0.100000001,1.04999983),CFrame=CFrame.new(-138.031433,3.68374205,41.8135147,0.999635398,8.27676195e-06,0.0270056874,-0.000191000116,0.999977112,0.00676353415,-0.0270050168,-0.00676622475,0.999612629),BottomSurface=Enum.SurfaceType.Smooth,TopSurface=Enum.SurfaceType.Smooth,Color=Color3.new(1,0,0)})mot=New("Motor",Part,"mot",{Part0=Part,Part1=i,C0=CFrame.new(0,0,0,0.999635339,-0.000191000072,-0.0270050094,8.27677377e-06,0.999977112,-0.00676622428,0.0270056836,0.00676353322,0.999612451),C1=CFrame.new(-0.324111938,0.683737993,-0.0205078125,-0.99999994,1.23908515e-22,-0.000331714633,1.23944917e-22,1,-1.09697344e-22,0.000331714633,-1.09738441e-22,-0.99999994)})Part=New("Part",CyborgArm,"Part",{BrickColor=BrickColor.new("Really red"),Material=Enum.Material.Neon,Size=Vector3.new(0.2800017,0.100000001,0.690000117),CFrame=CFrame.new(-138.393951,2.11307812,42.0131454,0.0100010047,-0.999581397,0.0271513518,0.999925494,0.010187286,0.00673122332,-0.00700500328,0.027082013,0.999608815),BottomSurface=Enum.SurfaceType.Smooth,TopSurface=Enum.SurfaceType.Smooth,Color=Color3.new(1,0,0)})mot=New("Motor",Part,"mot",{Part0=Part,Part1=i,C0=CFrame.new(0,0,0,0.0100010047,0.999925494,-0.00700500328,-0.999581337,0.010187286,0.0270820074,0.0271513499,0.00673122238,0.999608636),C1=CFrame.new(0.0383300781,-0.886925936,-0.220256805,-0.99999994,1.23908515e-22,-0.000331714633,1.23944917e-22,1,-1.09697344e-22,0.000331714633,-1.09738441e-22,-0.99999994)})Part=New("Part",CyborgArm,"Part",{BrickColor=BrickColor.new("Really red"),Material=Enum.Material.Neon,Size=Vector3.new(0.600001693,0.100000001,1.04999983),CFrame=CFrame.new(-138.452835,2.48128104,41.8321991,-0.223359078,-0.974358141,0.027149044,0.974736214,-0.223258108,0.00673288852,-0.000498998852,0.0279670097,0.999608934),BottomSurface=Enum.SurfaceType.Smooth,TopSurface=Enum.SurfaceType.Smooth,Color=Color3.new(1,0,0)})mot=New("Motor",Part,"mot",{Part0=Part,Part1=i,C0=CFrame.new(0,0,0,-0.223359063,0.974736214,-0.000499000133,-0.974358141,-0.223258108,0.0279670041,0.0271490421,0.00673288759,0.999608755),C1=CFrame.new(0.0972747803,-0.518723011,-0.0393295288,-0.99999994,1.23908515e-22,-0.000331714633,1.23944917e-22,1,-1.09697344e-22,0.000331714633,-1.09738441e-22,-0.99999994)})for a1,K in next,CyborgArm:children()do K.CustomPhysicalProperties=PhysicalProperties.new(0,0,0,0,0)end;pcall(function()f.ReaperShadowHead.Eye1.BrickColor=BrickColor.new'Really red'f.ReaperShadowHead.Eye1.Material='Glass'end)pcall(function()f.ReaperShadowHead.Eye2.BrickColor=BrickColor.new'Really red'f.ReaperShadowHead.Eye2.Material='Glass'end)pcall(function()f.LeftWing.BrickColor=BrickColor.new'Really red'f.LeftWing.Transparency=0.5 end)if a6~=1 then for a1,K in next,f:GetDescendats()do if K:IsA'BasePart'then K.Size=K.Size*a6 end end end;function Sound(aj,ak,al,am,an,ao,ap)local Sound=X("Sound")Sound.SoundId="rbxassetid://"..tostring(ak or 0)Sound.Pitch=al or 1;Sound.Volume=am or 1;Sound.Looped=an or false;if ap then coroutine.wrap(function()repeat wait()until Sound.IsLoaded;Sound.Playing=ap or false end)()end;if not an and ao then Sound.Ended:connect(function()Sound.Volume=0;Sound:destroy()end)elseif ao then warn("Sound can't be looped and a sound effect!")end;Sound.Parent=aj or n;return Sound end;function Part(aj,aq,ar,as,at,au,av)local aw=X("Part")aw[typeof(aq)=='BrickColor'and'BrickColor'or'Color']=aq or M.N(0,0,0)aw.Material=ar or Enum.Material.SmoothPlastic;aw.TopSurface,aw.BottomSurface=10,10;aw.Size=as or N.N(1,1,1)aw.CFrame=at or L.N(0,0,0)aw.CanCollide=av or false;aw.Anchored=au or false;aw.Parent=aj or f;return aw end;function Mesh(aj,ax,ay,az,aA,aB)local aw=X("SpecialMesh")aw.MeshId=ay or""aw.TextureId=az or""aw.Scale=aA or N.N(1,1,1)aw.Offset=aB or N.N(0,0,0)aw.MeshType=ax or Enum.MeshType.Sphere;aw.Parent=aj;return aw end;NewInstance=function(aC,aj,aD)local aE=Instance.new(aC,aj)if aD then for c,K in next,aD do pcall(function()aE[c]=K end)end end;return aE end;local aF=Sound(f,a8,a9,3,true,false,true)aF.Name='Music'for a1,K in next,g:GetPlayingAnimationTracks()do K:Stop()end;pcall(game.Destroy,f:FindFirstChild'Animate')pcall(game.Destroy,g:FindFirstChild'Animator')local aG=NewInstance('Motor',f,{Part0=n,Part1=j,C0=L.N(-1.5*a6,0.5*a6,0),C1=L.N(0,.5*a6,0)})local aH=NewInstance('Motor',f,{Part0=n,Part1=i,C0=L.N(1.5*a6,0.5*a6,0),C1=L.N(0,.5*a6,0)})local aI=NewInstance('Motor',f,{Part0=n,Part1=o,C0=L.N(0,1.5*a6,0)})local aJ=NewInstance('Motor',f,{Part0=n,Part1=l,C0=L.N(-.5*a6,-1*a6,0),C1=L.N(0,1*a6,0)})local aK=NewInstance('Motor',f,{Part0=n,Part1=k,C0=L.N(.5*a6,-1*a6,0),C1=L.N(0,1*a6,0)})local aL=NewInstance('Motor',f,{Part0=m,Part1=n})local aM=NewInstance('Motor',f,{Part0=Handle,Part1=i})local aN=aG.C0;local aO=aH.C0;local aP=aI.C0;local aQ=aJ.C0;local aR=aK.C0;local aS=aL.C0;local aT=X("BindableEvent",script)aT.Name="Heartbeat"script:WaitForChild("Heartbeat")local aU=0;local aV=false;local aW=false;local aX=tick()local aY=1/a3;aT:Fire()game:GetService("RunService").Heartbeat:connect(function(b,aZ)aU=aU+b;if aU>=aY then if aV then script.Heartbeat:Fire()aX=tick()else for c=1,math.floor(aU/aY)do aT:Fire()end;aX=tick()end;if aW then aU=0 else aU=aU-aY*math.floor(aU/aY)end end end)function swait(a_)if a_==0 or a_==nil then aT.Event:wait()else for c=0,a_ do aT.Event:wait()end end end;function FakeWeld(b0,b1)local b2=Instance.new('Attachment',b0)local b3=Instance.new('Attachment',b1)return NewInstance("HingeConstraint",b0,{Attachment0=b2,Attachment1=b3,LimitsEnabled=true,UpperAngle=0,LowerAngle=0})end;function Fragment(K)K:ClearAllChildren()local b4=NewInstance("Folder",K.Parent,{Name='Fragmentation'})K.Archivable=true;K.Size=Vector3.new(K.Size.x/2,K.Size.y,K.Size.z)K.Name=K.Name.."Fragment"local b5=K:Clone()b5.Parent=b4;b5.CFrame=L.N(-.5,1,1)*b5.CFrame;K.CFrame=L.N(.5,1,1)*K.CFrame;K.Size=Vector3.new(K.Size.x,K.Size.y/2,K.Size.z)local b5=K:Clone()b5.Parent=b4;b5.CFrame=L.N(1,-.5,1)*b5.CFrame;K.CFrame=L.N(1,.5,1)*K.CFrame;K.Size=Vector3.new(K.Size.x,K.Size.y,K.Size.z/2)local b5=K:Clone()b5.Parent=b4;b5.CFrame=L.N(1,1,-.5)*b5.CFrame;K.CFrame=L.N(1,1,.5)*K.CFrame;K.Parent=b4;return b4 end;local b6=NewInstance("ParticleEmitter",nil,{Color=ColorSequence.new(ab.Color),LightEmission=.1,LightInfluence=1,ZOffset=.9,Size=NumberSequence.new{NumberSequenceKeypoint.new(0,.2,0),NumberSequenceKeypoint.new(1,3,0)},Texture="rbxassetid://284205403",Transparency=NumberSequence.new{NumberSequenceKeypoint.new(0,0,0),NumberSequenceKeypoint.new(1,1,0)},Acceleration=N.N(0,-15,0),Lifetime=NumberRange.new(1,2),Rate=50,Speed=NumberRange.new(5,15),SpreadAngle=Vector2.new(15,15),Enabled=false,EmissionDirection='Back'})local b7=NewInstance("ParticleEmitter",nil,{Color=ColorSequence.new(ab.Color),LightEmission=.1,LightInfluence=1,ZOffset=.9,Size=NumberSequence.new{NumberSequenceKeypoint.new(0,.2,0),NumberSequenceKeypoint.new(1,3,0)},Texture=aa,Transparency=NumberSequence.new{NumberSequenceKeypoint.new(0,0,0),NumberSequenceKeypoint.new(1,1,0)},Acceleration=N.N(0,-125,0),Lifetime=NumberRange.new(1,2),Rate=50,Speed=NumberRange.new(5,15),SpreadAngle=Vector2.new(15,15),Enabled=false,EmissionDirection='Back'})local b8=NewInstance("ParticleEmitter",nil,{Color=ColorSequence.new(ab.Color),Size=NumberSequence.new{NumberSequenceKeypoint.new(0,.2),NumberSequenceKeypoint.new(1,.2)},Texture=aa,Lifetime=NumberRange.new(.4),Rate=50,LockedToPart=true,Speed=NumberRange.new(0,2),Enabled=false})function Blood(as,at,b9)local aw=Instance.new("Part",s)aw.Transparency=1;aw.Size=as;aw.Anchored=true;aw.CanCollide=false;aw.CFrame=at;a.Debris:AddItem(aw,6)local ba=b6:Clone()ba.Parent=aw;ba:Emit(b9)return aw,ba end;function Blood2(as,at)local aw=Instance.new("Part",s)aw.Transparency=1;aw.Size=as;aw.Anchored=false;aw.CanCollide=false;aw.CFrame=at;local ba=b6:Clone()ba.Enabled=true;ba.Parent=aw;return aw,ba end;function Blood3(as,at,b9)local aw=Instance.new("Part",s)aw.Transparency=1;aw.Size=as;aw.Anchored=true;aw.CanCollide=false;aw.CFrame=at;a.Debris:AddItem(aw,6)local ba=b7:Clone()ba.Parent=aw;ba:Emit(b9)return aw,ba end;function Blood4(as,at)local aw=Instance.new("Part",s)aw.Transparency=1;aw.Size=as;aw.Anchored=false;aw.CanCollide=false;aw.CFrame=at;local ba=b7:Clone()ba.Enabled=true;ba.Parent=aw;return aw,ba end;function BloodPuddle(bb,bc,bd,Y)local be,bf,bg=workspace:FindPartOnRayWithIgnoreList(Ray.new(bb,L.N(bb,bb+N.N(0,-1,0)).lookVector*bc),{Y,f},false,true)if be and not be.Parent:FindFirstChildOfClass'Humanoid'and not be.Parent.Parent:FindFirstChildOfClass'Humanoid'then if be.Name=='BloodPuddle'then local bh=(bb-be.Position).magnitude;if be.Size.Z<=5 and be.Size.Z<bd or be.Size.Z>5 and be.Size.Z<bd and bh<be.Size.Z/3 then be.Size=be.Size+N.N(.1,0,.1)end;if be.Size.Z<2 then pcall(function()be.Sound:Play()end)end else local bi=NewInstance('Part',workspace,{Material=ac,BrickColor=ab,Size=N.N(1,.1,1),CFrame=L.N(bf,bf+bg)*L.A(90*O.P/180,0,0),Anchored=true,CanCollide=false,Archivable=false,Locked=true,Name='BloodPuddle'})local bj=NewInstance('CylinderMesh',bi,{Name='CylinderMesh'})Sound(bi,685857471,1,2,false,false,true)coroutine.wrap(function()swait(75)repeat swait()bi.Size=bi.Size-N.N(.02,0,.02)until bi.Size.Z<0.51;bi:destroy()end)()end end end;function recurse(bk,Z,c)c=c or 0;for a1,K in pairs(bk:GetChildren())do c=c+1;Z(c,K)if#K:GetChildren()>0 then c=recurse(K,Z,c)end end;return c end;function getAttachment0(bl,bm)for a1,bn in next,bl:children()do local bo=bn:FindFirstChild(bm)if bo then return bo end end end;function Bezier(bp,bq,br,bs,bt)local bu=bp:lerp(bq,bt)local bv=bq:lerp(br,bt)local bw=br:lerp(bs,bt)local bx=bu:lerp(bv,bt)local by=bv:lerp(bw,bt)local bz=bx:lerp(by,bt)return bz end;function Effect(bA)local bB=bA.Effect or'Resize-AndFade'local ae=bA.Parent or s;local bC=bA.Color or M.N(0,0,0)local bD=bA.Size or N.N(1,1,1)local bE=bA.MoveDirection or nil;local bF=bA.Mesh or nil;local bG=bA.Sound or nil;local bH=bA.Frames or 45;local bI=bA.Manual or nil;local bJ=bA.Material or nil;local bK=bA.CFrame or n.CFrame;local bL=bA.FXSettings or{}local bM,bN,bO;if bI and typeof(bI)=='Instance'and bI:IsA'BasePart'then bN=bI else bN=Part(ae,bC,bJ,bD,bK,true,false)end;if typeof(bF)=='table'then bO=Mesh(bN,bF.MeshType,bF.MeshId,bF.TextureId,bF.Scale,bF.Offset)elseif typeof(bF)=='Instance'then bO=bF:Clone()bO.Parent=bN end;if typeof(bG)=='table'or typeof(bG)=='Instance'then bM=Sound(bN,bG.SoundId,bG.Pitch,bG.Volume,false,false,true)end;if bM then repeat wait()until bM.Playing and bM.IsLoaded and bM.TimeLength>0;bH=bM.TimeLength*a3/bM.Pitch end;local bP=nil;if bE then bP=(bK.p-bE).magnitude/bH end;local bQ=O.RNG()-O.RNG()local bR=0;local bS=O.RNG(50,100)/100;coroutine.wrap(function()if bB~='Arc'then for c=1,bH do if bB=='Resize-AndFade'then if not bL.EndSize then bL.EndSize=N.N(0,0,0)end;local bT=typeof(bL.EndSize)=='Vector3'and bL.EndSize-bD or typeof(bL.EndSize)=='number'and N.N(bL.EndSize)if bL.EndIsIncrement then bN.Size=bN.Size-bL.EndSize else bN.Size=bN.Size-bT/bH end;bN.Transparency=c/bH elseif bB=='Resize+AndFade'then if not bL.EndSize then bL.EndSize=bD*2 end;local bT=typeof(bL.EndSize)=='Vector3'and bL.EndSize-bD or typeof(bL.EndSize)=='number'and N.N(bL.EndSize)if bL.EndIsIncrement then bN.Size=bN.Size+bL.EndSize else bN.Size=bN.Size+bT/bH end;bN.Transparency=c/bH elseif bB=='Fade'then bN.Transparency=c/bH end;if bL.RandomizeCFrame then bN.CFrame=bN.CFrame*L.A(O.RRNG(-360,360),O.RRNG(-360,360),O.RRNG(-360,360))end;if bE and bP then local bU=bN.Orientation;bN.CFrame=L.N(bN.Position,bE)*L.N(0,0,-bP)bN.Orientation=bU end;if swait and typeof(swait)=='function'then swait()else wait()end end;bN:destroy()else local bV,bW,bX,bY=bL.Start,bL.Third,bL.Fourth,bL.End;if not bL.End and bL.Home then bY=bL.Home.CFrame end;local bZ=bW or bV:lerp(bY,0.25)*L.N(O.RNG(-25,25),O.RNG(0,25),O.RNG(-25,25))local b_=bX or bV:lerp(bY,0.75)*L.N(O.RNG(-25,25),O.RNG(0,25),O.RNG(-25,25))assert(bV~=nil,"You need to specify a start point!")assert(bY~=nil,"You need to specify an end point!")for c=0,1,bL.Speed or 0.01 do if bL.Home then bY=bL.Home.CFrame end;bN.CFrame=Bezier(bV,bZ,b_,bY,c)if swait and typeof(swait)=='function'then swait()else wait()end end;if bL.RemoveOnGoal then bN:destroy()end end end)()return bN,bO,bM end;function SoulSteal(bl)local c0=bl:FindFirstChild'Head'or bl:FindFirstChild'Torso'or bl:FindFirstChild'UpperTorso'or bl:FindFirstChild'LowerTorso'or bl:FindFirstChild'HumanoidRootPart'print(c0)if c0 and c0:IsA'BasePart'then local c1=Instance.new("Model",s)c1.Name=bl.Name.."'s Soul"local c2=Part(c1,BrickColor.new'Really red','Glass',N.N(.5,.5,.5),c0.CFrame,true,false)c2.Name='Head'NewInstance("Humanoid",c1,{Health=0,MaxHealth=0})Effect{Effect="Arc",Manual=c2,FXSettings={Start=c0.CFrame,Home=n,RemoveOnGoal=true}}local c3=c2.CFrame.p;for c=0,1,0.01 do local c4=CFrame.new(c3,c2.Position)*CFrame.Angles(-math.pi/2,0,0)local c5=(c3-c2.Position).magnitude;Effect{Effect="Fade",CFrame=c4*L.N(0,c5/2,0),Size=N.N(.5,c5+.5,.5),Color=c2.BrickColor}c3=c2.CFrame.p;swait()end;for c=1,5 do Effect{Effect="Fade",Color=BrickColor.new'Really red',MoveDirection=(n.CFrame*CFrame.new(O.RNG(-40,40),O.RNG(-40,40),O.RNG(-40,40))).p}end end end;function getRegion(c4,bc,c6)return workspace:FindPartsInRegion3WithIgnoreList(S.N(c4-N.N(1,1,1)*bc/2,c4+N.N(1,1,1)*bc/2),c6,100)end;function clerp(c7,c8,c9)return c7:lerp(c8,c9)end;function GetTorso(ca)return ca:FindFirstChild'Torso'or ca:FindFirstChild'UpperTorso'end;function ShowDamage(cb,cc,cd,bC)coroutine.wrap(function()local ce=1/30;local cb=cb or Vector3.new(0,0,0)local cc=cc or""local cd=cd or 2;local bC=bC or Color3.new(1,0,1)local cf=NewInstance("Part",s,{Material=Enum.Material.SmoothPlastic,RArmlectance=0,Transparency=1,BrickColor=BrickColor.new(bC),Name="Effect",Size=Vector3.new(0,0,0),Anchored=true})local cg=NewInstance("BillboardGui",cf,{Size=UDim2.new(1.25,0,1.25,0),Adornee=cf})local ch=NewInstance("TextLabel",cg,{BackgroundTransparency=1,Size=UDim2.new(1,0,1,0),Text=cc,Font="Arial",TextColor3=bC,TextStrokeColor3=Color3.new(0,0,0),TextStrokeTransparency=0,TextScaled=true})game.Debris:AddItem(cf,cd)cf.Parent=game:GetService("Workspace")delay(0,function()local bH=cd/ce;for ci=1,bH do wait(ce)local cj=ci/bH;cf.CFrame=CFrame.new(cb)+Vector3.new(0,cj,0)ch.TextTransparency=cj;ch.TextStrokeTransparency=cj end;if cf and cf.Parent then cf:Destroy()end end)end)()end;function DealDamage(ck,cl,cm,cn,co,cp,cq)if ck then local cr=ck:FindFirstChildOfClass'Humanoid'local cs=O.RNG(cl,cm)local ct=true;if cr then for a1,aZ in pairs(v)do if aZ[1]==cr then if time()-aZ[2]<0.1 then ct=false else v[a1]=nil end end end;if ct then if cr.Health>=math.huge then if ck:FindFirstChild'Head'and cr.Health>0 then ShowDamage(ck.Head.CFrame*L.N(0,0,ck.Head.Size.Z/2).p+N.N(0,1.5,0),"INSTANT",1.5,M.N(1,0,0))end else local cu=a.Players:GetPlayerFromCharacter(ck)if co=="Fire"then else local cv=Instance.new("ObjectValue",cr)cv.Name="creator"cv.Value=e;game:service'Debris':AddItem(cv,0.35)if O.RNG(1,100)<=(cp or 0)then if ck:FindFirstChild'Head'and cr.Health>0 then ShowDamage(ck.Head.CFrame*L.N(0,0,ck.Head.Size.Z/2).p+N.N(0,1.5,0),"[CRIT] "..cs*(cq or 2),1.5,BrickColor.new'New Yeller'.Color)end;cr.Health=cr.Health-cs*(cq or 2)else if ck:FindFirstChild'Head'and cr.Health>0 then ShowDamage(ck.Head.CFrame*L.N(0,0,ck.Head.Size.Z/2).p+N.N(0,1.5,0),cs,1.5,a7.Color)end;cr.Health=cr.Health-cs end;if co=='Knockback'and GetTorso(ck)then local cw=GetTorso(ck).Position-m.Position+Vector3.new(0,0,0).unit;local cx=NewInstance('BodyVelocity',GetTorso(ck),{P=500,maxForce=N.N(math.huge,0,math.huge),velocity=m.CFrame.lookVector*cn+m.Velocity/1.05})game:service'Debris':AddItem(cx,.5)elseif co=='Knockdown'and GetTorso(ck)then local cy=GetTorso(ck)print(cy)cr.PlatformStand=true;delay(1,function()cr.PlatformStand=false end)local cw=(GetTorso(ck).Position-(m.Position+Vector3.new(0,0,0))).unit;local cz=NewInstance("BodyVelocity",cy,{velocity=cw*cn,P=5000,maxForce=Vector3.new(8e+003,8e+003,8e+003)})local cA=NewInstance("BodyAngularVelocity",cy,{P=3000,maxTorque=Vector3.new(500000,500000,500000)*50000000000000,angularvelocity=Vector3.new(math.random(-10,10),math.random(-10,10),math.random(-10,10))})game:GetService("Debris"):AddItem(cz,.5)game:GetService("Debris"):AddItem(cA,.5)end end end end;table.insert(v,{cr,time()})end end end;function AOEDamage(Y,bc,cl,cm,cn,co)for a1,K in next,getRegion(Y,bc,{f})do if K.Parent and K.Parent:FindFirstChildOfClass'Humanoid'then DealDamage(K.Parent,cl,cm,cn,co)end end end;function AOEFunction(Y,bc,Z)for a1,K in next,getRegion(Y,bc,{f})do if K.Parent and K.Parent:FindFirstChildOfClass'Humanoid'then Z(K.Parent)end end end;function ClosestHumanoid(bf,bc)local c5,cB=math.huge;for a1,K in next,getRegion(bf,bc or 10,{f})do local cr=K.Parent and K.Parent:FindFirstChildOfClass'Humanoid'if(K.CFrame.p-bf).magnitude<c5 and cr and cB~=cr and cr.Health>0 then c5=(K.CFrame.p-bf).magnitude;cB=cr end end;return cB,cB and GetTorso(cB.Parent)or nil end;function AOEHeal(Y,bc,b9)local cC={}for a1,K in next,getRegion(Y,bc,{f})do local cr=K.Parent and K.Parent:FindFirstChildOfClass'Humanoid'or nil;if cr and not cC[cr]then cr.Health=cr.Health+b9;if K.Parent:FindFirstChild'Head'and cr.Health>0 then ShowDamage(K.Parent.Head.CFrame*L.N(0,0,K.Parent.Head.Size.Z/2).p+N.N(0,1.5,0),"+"..b9,1.5,BrickColor.new'Really red'.Color)end end end end;function Equip_Sawblade()for c=1,5 do Effect{Effect='Resize+AndFade',Color=BrickColor.new'Really red',Material=Enum.Material.Neon,Size=N.N(3.5,3.5,3.5),CFrame=i.CFrame*L.N(0,-1,0)*L.A(O.RRNG(0,180),O.RRNG(0,180),O.RRNG(0,180)),FXSettings={EndSize=N.N(.05,.05,.05),EndIsIncrement=true}}end;local cD=Part(f,BrickColor.new'Really red',Enum.Material.SmoothPlastic,N.N(3.42,3.42,0.05),L.N(),false,false)cD.Transparency=.5;local cE=Mesh(cD,Enum.MeshType.FileMesh,"rbxassetid://74322089","",N.N(3,3,3),N.N())local cF=NewInstance("Weld",f,{Part0=i,Part1=cD,C0=L.N(0,-1.25,0)})return cD,cF end;function The_Necc()local cG,c0=ClosestHumanoid(n.CFrame.p,5)if c0 then local ck=c0.Parent;q=true;p=false;local cH;pcall(function()cH=ck.HumanoidRootPart;cH.Parent=ck end)local cI=NewInstance("Weld",f,{Part0=m,Part1=c0,C0=L.N(0,0,-1.25)})for c=0,4,0.1 do swait()cG.PlatformStand=true;local cJ=.15;aL.C0=clerp(aL.C0,CFrame.new(7.78455425e-13,0.00629367586,-2.39849396e-06,0.99999243,1.23691279e-10,0,1.90985006e-11,0.99998045,-0.00628617778,9.31322575e-10,0.00628614007,0.999973059),cJ)aJ.C0=clerp(aJ.C0,CFrame.new(-0.496486545,-0.990821958,0.021611277,0.999870956,1.90985006e-11,0.0156118907,-9.81391422e-05,0.99998045,0.00628537685,-0.0156115862,-0.00628617778,0.999851584),cJ)aK.C0=clerp(aK.C0,CFrame.new(0.498530418,-0.990985394,0.0154574998,0.999870956,1.90985006e-11,0.0156118907,-9.81391422e-05,0.99998045,0.00628537685,-0.0156115862,-0.00628617778,0.999851584),cJ)aG.C0=clerp(aG.C0,CFrame.new(-1.0486517,0.929213107,-0.824554026,0.712753832,-0.694763601,-0.0963225588,0.0692147464,0.206324935,-0.976032555,0.697985768,0.689004064,0.195146814),cJ)aH.C0=clerp(aH.C0,CFrame.new(0.386394978,1.64370263,-1.084023,-0.617445648,-0.751786709,-0.231452331,-0.0510570146,0.331923157,-0.941923738,0.784950197,-0.569769561,-0.243328467),cJ)aI.C0=clerp(aI.C0,CFrame.new(8.16636839e-06,1.49895489,-0.0144007429,0.99999243,3.67523171e-07,-1.61118805e-07,-3.56405508e-07,0.997965038,0.0637686625,1.8440187e-07,-0.0637682825,0.997957468),cJ)end;cI:destroy()if ck:FindFirstChild'Head'then local b=Sound(ck:FindFirstChild'Head',1093102664,1,2,false,false,false)b:Play()b.Ended:connect(function()b:Destroy()end)end;for c=0,1.5,0.1 do swait()cG.PlatformStand=true;local cJ=.3;aL.C0=clerp(aL.C0,CFrame.new(7.78455425e-13,0.00629367586,-2.39849396e-06,0.99999243,1.23691279e-10,0,1.90985006e-11,0.99998045,-0.00628617778,9.31322575e-10,0.00628614007,0.999973059),cJ)aJ.C0=clerp(aJ.C0,CFrame.new(-0.496486545,-0.990821958,0.021611277,0.999870956,1.90985006e-11,0.0156118907,-9.81391422e-05,0.99998045,0.00628537685,-0.0156115862,-0.00628617778,0.999851584),cJ)aK.C0=clerp(aK.C0,CFrame.new(0.498530418,-0.990985394,0.0154574998,0.999870956,1.90985006e-11,0.0156118907,-9.81391422e-05,0.99998045,0.00628537685,-0.0156115862,-0.00628617778,0.999851584),cJ)aG.C0=clerp(aG.C0,CFrame.new(-1.47842193,0.485131323,-0.0262347199,0.0664671659,0.993123412,-0.0963359103,-0.201927185,-0.0811635256,-0.976031899,-0.977139056,0.0843269154,0.195143938),cJ)aH.C0=clerp(aH.C0,CFrame.new(2.33067179,0.249403879,0.270489573,0.171869993,0.978404701,-0.114792682,0.105083257,-0.134070903,-0.985384524,-0.979495406,0.157295257,-0.125856698),cJ)aI.C0=clerp(aI.C0,CFrame.new(8.16636839e-06,1.49895489,-0.0144007429,0.99999243,3.67523171e-07,-1.61118805e-07,-3.56405508e-07,0.997965038,0.0637686625,1.8440187e-07,-0.0637682825,0.997957468),cJ)end;q=false;p=true end end;function Hands_Off()local cG,c0=ClosestHumanoid(n.CFrame.p,5)if c0 then local ck=c0.Parent;local cK=false;Instance.AllChildren(ck,function(K)if K.Name:lower():find"arm"then cK=true end end,true)if not cK then return end;g.WalkSpeed=0;g.JumpPower=0;q=true;p=false;ck.Parent=f;local cH;pcall(function()cH=ck.HumanoidRootPart;cH.Parent=nil end)local cI=NewInstance("Weld",f,{Part0=m,Part1=c0,C0=L.N(0,0,-1.25)})for c=0,4,0.1 do swait()cG.PlatformStand=true;local cJ=.15;aL.C0=clerp(aL.C0,CFrame.new(3.20564755e-13,0.00629412755,1.41908095e-06,0.999999225,5.09317033e-11,0,-4.38656264e-11,0.999980271,-0.00628618058,0,0.00628617639,0.999979496),cJ)aJ.C0=clerp(aJ.C0,CFrame.new(-0.496493757,-0.990819633,0.021611426,0.999877751,-4.38656264e-11,0.0156119959,-9.81397825e-05,0.999980271,0.0062854127,-0.0156116877,-0.00628618058,0.999858022),cJ)aK.C0=clerp(aK.C0,CFrame.new(0.498533875,-0.990984261,0.0154613676,0.999877751,-4.38656264e-11,0.0156119959,-9.81397825e-05,0.999980271,0.0062854127,-0.0156116877,-0.00628618058,0.999858022),cJ)aG.C0=clerp(aG.C0,CFrame.new(-1.42285931,0.338565946,-0.110074639,0.983876407,0.1786367,0.00868223887,-0.0932332501,0.553717494,-0.827468753,-0.152623802,0.813317537,0.561444461),cJ)aH.C0=clerp(aH.C0,CFrame.new(1.374735,0.282860518,-0.133752465,0.973415911,-0.228878334,0.00868532527,0.135509402,0.544919252,-0.827466309,0.184656292,0.806645751,0.561448157),cJ)aI.C0=clerp(aI.C0,CFrame.new(8.16625652e-06,1.49895275,-0.014400661,0.999999225,3.67464963e-07,-1.62050128e-07,-3.56478267e-07,0.997964799,0.0637686923,1.8440187e-07,-0.0637686551,0.997963905),cJ)end;local cL=ck:FindFirstChild'Right Arm'or ck:FindFirstChild'RightUpperArm'or ck:FindFirstChild'RightLowerArm'or ck:FindFirstChild'RightHand'or X("Part").BrickColor;local cM=ck:FindFirstChild'Left Arm'or ck:FindFirstChild'LeftUpperArm'or ck:FindFirstChild'LeftLowerArm'or ck:FindFirstChild'LeftHand'or X("Part").BrickColor;Sound(c0,1093102664,.85,5,false,true,true)Sound(c0,429400881,1,1,false,true,true)A=NewInstance('Part',s,{Size=N.N(1,2,1),BrickColor=cL,Material='Plastic',CanCollide=false,Anchored=false,Locked=true})Mesh(A,Enum.MeshType.FileMesh,"rbxasset://fonts/rightarm.mesh","",N.N(1,1,1),N.N())z=NewInstance('Part',s,{Size=N.N(1,2,1),BrickColor=cM,Material='Plastic',CanCollide=false,Anchored=false,Locked=true})Mesh(z,Enum.MeshType.FileMesh,"rbxasset://fonts/leftarm.mesh","",N.N(1,1,1),N.N())B=NewInstance('Weld',A,{Part0=i,Part1=A,C0=L.N(0,-1,0)*L.A(O.R(90),0,0)})C=NewInstance('Weld',z,{Part0=j,Part1=z,C0=L.N(0,-1,0)*L.A(O.R(90),0,0)})Instance.AllChildren(ck,function(K)if K.Name:lower():find"arm"or K.Name:lower():find"hand"then K:destroy()end end,true)if not E then coroutine.wrap(function()repeat swait()BloodDrop(c0.CFrame*L.N(-.5,.5,0).p,c0.CFrame*L.N(-1,.5,0).p,15)BloodDrop(c0.CFrame*L.N(.5,.5,0).p,c0.CFrame*L.N(1,.5,0).p,15)cG.Health=cG.Health-0.5 until not ck or not ck.Parent or not cG.Parent end)()else coroutine.wrap(function()repeat swait()cG.Health=cG.Health-0.5 until not ck or not ck.Parent or not cG.Parent end)()local cN,cO=Blood4(N.N(.5,.5,.5),c0.CFrame)local cP,cQ=Blood4(N.N(.5,.5,.5),c0.CFrame)cN.Parent=c0;cP.Parent=c0;local cR=NewInstance('Weld',c0,{Part0=cN,Part1=c0,C0=L.N(0,-.5,-1.25)*L.A(0,O.R(90),0)})local cS=NewInstance('Weld',c0,{Part0=cP,Part1=c0,C0=L.N(0,-.5,-1.25)*L.A(0,O.R(-90),0)})end;cG.Died:connect(function()end)ck.Parent=workspace;local cN,cO=Blood4(N.N(.5,.5,.5),c0.CFrame)local cP,cQ=Blood4(N.N(.5,.5,.5),c0.CFrame)cN.Parent=A;cP.Parent=z;local cR=NewInstance('Weld',A,{Part0=cN,Part1=A,C0=L.N(0,0,0)*L.A(0,O.R(90),0)})local cS=NewInstance('Weld',z,{Part0=cP,Part1=z,C0=L.N(0,0,0)*L.A(0,O.R(-90),0)})cI:destroy()cG.PlatformStand=false;if cH then cH.Parent=ck;if ck:FindFirstChild('RootJoint',true)then cH.RootJoint.Part0=cH;cH.RootJoint.Part1=c0 else cG:BuildRigFromAttachments()end end;for c=0,3,0.1 do swait()local cJ=.15;aL.C0=clerp(aL.C0,CFrame.new(3.20564755e-13,0.00629412755,1.41908095e-06,0.999999225,5.09317033e-11,0,-4.38656264e-11,0.999980271,-0.00628618058,0,0.00628617639,0.999979496),cJ)aJ.C0=clerp(aJ.C0,CFrame.new(-0.496493757,-0.990819633,0.021611426,0.999877751,-4.38656264e-11,0.0156119959,-9.81397825e-05,0.999980271,0.0062854127,-0.0156116877,-0.00628618058,0.999858022),cJ)aK.C0=clerp(aK.C0,CFrame.new(0.498533875,-0.990984261,0.0154613676,0.999877751,-4.38656264e-11,0.0156119959,-9.81397825e-05,0.999980271,0.0062854127,-0.0156116877,-0.00628618058,0.999858022),cJ)aG.C0=clerp(aG.C0,CFrame.new(-1.25778806,0.320386261,-0.139421374,0.690939784,0.722859621,0.00868486147,-0.400907725,0.393146276,-0.827471495,-0.601560116,0.568251252,0.561440408),cJ)aH.C0=clerp(aH.C0,CFrame.new(1.39739037,0.354236364,-0.0289047062,0.709462166,-0.704689503,0.00868486147,0.400770277,0.393286407,-0.827471495,0.579694867,0.59054029,0.561440408),cJ)aI.C0=clerp(aI.C0,CFrame.new(8.16625652e-06,1.49895275,-0.014400661,0.999999225,3.67464963e-07,-1.62050128e-07,-3.56478267e-07,0.997964799,0.0637686923,1.8440187e-07,-0.0637686551,0.997963905),cJ)end;g.WalkSpeed=16;g.JumpPower=50;q=false;p=true end end;function ScrewMe()q=true;p=false;for c=0,2,0.1 do swait()local cJ=.15;aL.C0=clerp(aL.C0,CFrame.new(-0.000601041073,0.0062919003,-0.000300966523,0.994017541,0.000686608837,0.109214716,0,0.99998033,-0.00628665462,-0.109216876,0.00624904549,0.993997931),cJ)aJ.C0=clerp(aJ.C0,CFrame.new(-0.502559602,-0.990627766,0.0518152229,0.995601892,0,-0.0936849937,0.000588965253,0.99998033,0.00625900552,0.0936831385,-0.00628665462,0.995582223),cJ)aK.C0=clerp(aK.C0,CFrame.new(0.501642942,-0.991074204,0.000842738897,0.995601892,0,-0.0936849937,0.000588965253,0.99998033,0.00625900552,0.0936831385,-0.00628665462,0.995582223),cJ)aG.C0=clerp(aG.C0,CFrame.new(-1.12979531,0.241689205,0.149894863,0.813591897,-0.571708977,0.105910838,0.505802035,0.785755217,0.356024235,-0.286762208,-0.236088455,0.928455591),cJ)aH.C0=clerp(aH.C0,CFrame.new(1.41494429,0.493437499,0.00856034085,0.986078084,-0.165549055,0.0156079903,0.165468931,0.986195028,0.00630042888,-0.0164355561,-0.0036300756,0.99985832),cJ)aI.C0=clerp(aI.C0,CFrame.new(-0.272200465,1.60343766,-0.0909831151,-0.271778286,-0.29597038,0.915717363,-0.178016067,0.950573504,0.254402429,-0.945752025,-0.0938713551,-0.311032623),cJ)end;local cT=Part(f,BrickColor.new'Really black',Enum.Material.SmoothPlastic,N.N(2.158,0.29,0.312),i.CFrame,false,false)local cU=Mesh(cT,Enum.MeshType.FileMesh,"rbxassetid://70265804","rbxassetid://70265794",N.N(1,.5,.5),N.N())local cV=NewInstance("Weld",f,{Part0=j,Part1=cT,C0=L.N(0,-1.15,0)})for c=1,3 do for c=0,2,0.1 do swait()local cJ=.15;aL.C0=clerp(aL.C0,CFrame.new(-0.000597249367,0.00629166188,-0.000301384629,0.994017541,0.000686608837,0.109214716,0,0.99998033,-0.00628665462,-0.109216876,0.00624904549,0.993997931),cJ)aJ.C0=clerp(aJ.C0,CFrame.new(-0.502559602,-0.990627766,0.0518152229,0.995601892,0,-0.0936849937,0.000588965253,0.99998033,0.00625900552,0.0936831385,-0.00628665462,0.995582223),cJ)aK.C0=clerp(aK.C0,CFrame.new(0.501639128,-0.991074204,0.000842381269,0.995601892,0,-0.0936849937,0.000588965253,0.99998033,0.00625900552,0.0936831385,-0.00628665462,0.995582223),cJ)aG.C0=clerp(aG.C0,CFrame.new(-0.971063137,0.544531465,-0.856619298,0.824469268,-0.565411985,0.0236563906,0.239681676,0.311018854,-0.919684827,0.512643158,0.763921857,0.391944379),cJ)aH.C0=clerp(aH.C0,CFrame.new(1.36865759,0.434063494,-0.243990004,0.943695724,0.286517411,0.165366411,0.0948955566,0.244413704,-0.965016603,-0.316911817,0.926374555,0.203462943),cJ)aI.C0=clerp(aI.C0,CFrame.new(0.309692234,1.56599295,-0.184076563,0.752268493,0.275064707,-0.598691583,0.0132474303,0.902184188,0.431147963,0.658723474,-0.332270145,0.675040722),cJ)cV.C0=clerp(cV.C0,CFrame.new(0.754458785,-0.945940197,0.0140114268,-0.867547691,-0.497354031,8.15391541e-05,-7.91847706e-05,0.00030207634,1,-0.49735406,0.867547691,-0.000301415101),cJ)end;for c=0,2,0.1 do swait()local cJ=.15;aL.C0=clerp(aL.C0,CFrame.new(-0.000597249367,0.00629166188,-0.000301384629,0.994017541,0.000686608837,0.109214716,0,0.99998033,-0.00628665462,-0.109216876,0.00624904549,0.993997931),cJ)aJ.C0=clerp(aJ.C0,CFrame.new(-0.502559602,-0.990627766,0.0518152229,0.995601892,0,-0.0936849937,0.000588965253,0.99998033,0.00625900552,0.0936831385,-0.00628665462,0.995582223),cJ)aK.C0=clerp(aK.C0,CFrame.new(0.501639128,-0.991074204,0.000842381269,0.995601892,0,-0.0936849937,0.000588965253,0.99998033,0.00625900552,0.0936831385,-0.00628665462,0.995582223),cJ)aG.C0=clerp(aG.C0,CFrame.new(-0.952282608,0.388567954,-0.813911676,0.824469686,-0.527844906,0.204033226,0.23967658,-0.000909555703,-0.970852435,0.512645066,0.849340379,0.12576215),cJ)aH.C0=clerp(aH.C0,CFrame.new(1.36865759,0.434063494,-0.243990004,0.943695724,0.286517411,0.165366411,0.0948955566,0.244413704,-0.965016603,-0.316911817,0.926374555,0.203462943),cJ)aI.C0=clerp(aI.C0,CFrame.new(0.309692234,1.56599295,-0.184076563,0.752268493,0.275064707,-0.598691583,0.0132474303,0.902184188,0.431147963,0.658723474,-0.332270145,0.675040722),cJ)cV.C0=clerp(cV.C0,CFrame.new(0.75445646,-0.891306043,0.317142308,-0.867489815,-0.183382571,-0.462420344,-0.159916192,-0.777427077,0.608304381,-0.471050501,0.601646185,0.645084083),cJ)end end;for c=0,2,0.1 do swait()local cJ=.15;aL.C0=clerp(aL.C0,CFrame.new(-0.000601041073,0.0062919003,-0.000300966523,0.994017541,0.000686608837,0.109214716,0,0.99998033,-0.00628665462,-0.109216876,0.00624904549,0.993997931),cJ)aJ.C0=clerp(aJ.C0,CFrame.new(-0.502559602,-0.990627766,0.0518152229,0.995601892,0,-0.0936849937,0.000588965253,0.99998033,0.00625900552,0.0936831385,-0.00628665462,0.995582223),cJ)aK.C0=clerp(aK.C0,CFrame.new(0.501642942,-0.9